# 5-regular loopless multigraphs on 8 vertices (max multiplicity 2)
# Fixed edges: [(0, 1), (0, 1), (0, 2), (0, 3), (0, 4), (5, 6), (5, 6)]
# Only UNCOLORABLE graphs listed below
# Format: <index> | <edge_list>
#
17 | [(0, 1), (0, 1), (0, 2), (0, 3), (0, 4), (1, 6), (1, 7), (1, 7), (2, 5), (2, 5), (2, 6), (2, 6), (3, 4), (3, 4), (3, 7), (3, 7), (4, 5), (4, 7), (5, 6), (5, 6)]
18 | [(0, 1), (0, 1), (0, 2), (0, 3), (0, 4), (1, 6), (1, 7), (1, 7), (2, 5), (2, 5), (2, 6), (2, 6), (3, 4), (3, 4), (3, 5), (3, 7), (4, 7), (4, 7), (5, 6), (5, 6)]
71 | [(0, 1), (0, 1), (0, 2), (0, 3), (0, 4), (1, 6), (1, 7), (1, 7), (2, 4), (2, 4), (2, 7), (2, 7), (3, 5), (3, 5), (3, 6), (3, 6), (4, 5), (4, 7), (5, 6), (5, 6)]
93 | [(0, 1), (0, 1), (0, 2), (0, 3), (0, 4), (1, 6), (1, 7), (1, 7), (2, 4), (2, 4), (2, 5), (2, 7), (3, 5), (3, 5), (3, 6), (3, 6), (4, 7), (4, 7), (5, 6), (5, 6)]
296 | [(0, 1), (0, 1), (0, 2), (0, 3), (0, 4), (1, 6), (1, 7), (1, 7), (2, 3), (2, 3), (2, 7), (2, 7), (3, 5), (3, 7), (4, 5), (4, 5), (4, 6), (4, 6), (5, 6), (5, 6)]
315 | [(0, 1), (0, 1), (0, 2), (0, 3), (0, 4), (1, 6), (1, 7), (1, 7), (2, 3), (2, 3), (2, 5), (2, 7), (3, 7), (3, 7), (4, 5), (4, 5), (4, 6), (4, 6), (5, 6), (5, 6)]
657 | [(0, 1), (0, 1), (0, 2), (0, 3), (0, 4), (1, 5), (1, 7), (1, 7), (2, 5), (2, 5), (2, 6), (2, 6), (3, 4), (3, 4), (3, 7), (3, 7), (4, 6), (4, 7), (5, 6), (5, 6)]
658 | [(0, 1), (0, 1), (0, 2), (0, 3), (0, 4), (1, 5), (1, 7), (1, 7), (2, 5), (2, 5), (2, 6), (2, 6), (3, 4), (3, 4), (3, 6), (3, 7), (4, 7), (4, 7), (5, 6), (5, 6)]
711 | [(0, 1), (0, 1), (0, 2), (0, 3), (0, 4), (1, 5), (1, 7), (1, 7), (2, 4), (2, 4), (2, 7), (2, 7), (3, 5), (3, 5), (3, 6), (3, 6), (4, 6), (4, 7), (5, 6), (5, 6)]
720 | [(0, 1), (0, 1), (0, 2), (0, 3), (0, 4), (1, 5), (1, 7), (1, 7), (2, 4), (2, 4), (2, 6), (2, 7), (3, 5), (3, 5), (3, 6), (3, 6), (4, 7), (4, 7), (5, 6), (5, 6)]
936 | [(0, 1), (0, 1), (0, 2), (0, 3), (0, 4), (1, 5), (1, 7), (1, 7), (2, 3), (2, 3), (2, 7), (2, 7), (3, 6), (3, 7), (4, 5), (4, 5), (4, 6), (4, 6), (5, 6), (5, 6)]
942 | [(0, 1), (0, 1), (0, 2), (0, 3), (0, 4), (1, 5), (1, 7), (1, 7), (2, 3), (2, 3), (2, 6), (2, 7), (3, 7), (3, 7), (4, 5), (4, 5), (4, 6), (4, 6), (5, 6), (5, 6)]
1062 | [(0, 1), (0, 1), (0, 2), (0, 3), (0, 4), (1, 5), (1, 6), (1, 7), (2, 5), (2, 5), (2, 6), (2, 6), (3, 4), (3, 4), (3, 7), (3, 7), (4, 7), (4, 7), (5, 6), (5, 6)]
1107 | [(0, 1), (0, 1), (0, 2), (0, 3), (0, 4), (1, 5), (1, 6), (1, 7), (2, 4), (2, 4), (2, 7), (2, 7), (3, 5), (3, 5), (3, 6), (3, 6), (4, 7), (4, 7), (5, 6), (5, 6)]
1289 | [(0, 1), (0, 1), (0, 2), (0, 3), (0, 4), (1, 5), (1, 6), (1, 7), (2, 3), (2, 3), (2, 7), (2, 7), (3, 7), (3, 7), (4, 5), (4, 5), (4, 6), (4, 6), (5, 6), (5, 6)]
1387 | [(0, 1), (0, 1), (0, 2), (0, 3), (0, 4), (1, 5), (1, 6), (1, 7), (2, 3), (2, 3), (2, 4), (2, 4), (3, 4), (3, 4), (5, 6), (5, 6), (5, 7), (5, 7), (6, 7), (6, 7)]
1392 | [(0, 1), (0, 1), (0, 2), (0, 3), (0, 4), (1, 5), (1, 6), (1, 6), (2, 5), (2, 5), (2, 6), (2, 7), (3, 4), (3, 4), (3, 7), (3, 7), (4, 7), (4, 7), (5, 6), (5, 6)]
1410 | [(0, 1), (0, 1), (0, 2), (0, 3), (0, 4), (1, 5), (1, 6), (1, 6), (2, 4), (2, 4), (2, 7), (2, 7), (3, 5), (3, 5), (3, 6), (3, 7), (4, 7), (4, 7), (5, 6), (5, 6)]
1483 | [(0, 1), (0, 1), (0, 2), (0, 3), (0, 4), (1, 5), (1, 6), (1, 6), (2, 3), (2, 3), (2, 7), (2, 7), (3, 7), (3, 7), (4, 5), (4, 5), (4, 6), (4, 7), (5, 6), (5, 6)]
1756 | [(0, 1), (0, 1), (0, 2), (0, 3), (0, 4), (1, 5), (1, 5), (1, 6), (2, 5), (2, 6), (2, 6), (2, 7), (3, 4), (3, 4), (3, 7), (3, 7), (4, 7), (4, 7), (5, 6), (5, 6)]
1774 | [(0, 1), (0, 1), (0, 2), (0, 3), (0, 4), (1, 5), (1, 5), (1, 6), (2, 4), (2, 4), (2, 7), (2, 7), (3, 5), (3, 6), (3, 6), (3, 7), (4, 7), (4, 7), (5, 6), (5, 6)]
1847 | [(0, 1), (0, 1), (0, 2), (0, 3), (0, 4), (1, 5), (1, 5), (1, 6), (2, 3), (2, 3), (2, 7), (2, 7), (3, 7), (3, 7), (4, 5), (4, 6), (4, 6), (4, 7), (5, 6), (5, 6)]
1925 | [(0, 1), (0, 1), (0, 2), (0, 3), (0, 4), (1, 4), (1, 7), (1, 7), (2, 5), (2, 5), (2, 6), (2, 6), (3, 4), (3, 6), (3, 7), (3, 7), (4, 5), (4, 7), (5, 6), (5, 6)]
1926 | [(0, 1), (0, 1), (0, 2), (0, 3), (0, 4), (1, 4), (1, 7), (1, 7), (2, 5), (2, 5), (2, 6), (2, 6), (3, 4), (3, 5), (3, 7), (3, 7), (4, 6), (4, 7), (5, 6), (5, 6)]
1927 | [(0, 1), (0, 1), (0, 2), (0, 3), (0, 4), (1, 4), (1, 7), (1, 7), (2, 5), (2, 5), (2, 6), (2, 6), (3, 4), (3, 5), (3, 6), (3, 7), (4, 7), (4, 7), (5, 6), (5, 6)]
1928 | [(0, 1), (0, 1), (0, 2), (0, 3), (0, 4), (1, 4), (1, 7), (1, 7), (2, 5), (2, 5), (2, 6), (2, 6), (3, 4), (3, 4), (3, 7), (3, 7), (4, 6), (5, 6), (5, 6), (5, 7)]
1929 | [(0, 1), (0, 1), (0, 2), (0, 3), (0, 4), (1, 4), (1, 7), (1, 7), (2, 5), (2, 5), (2, 6), (2, 6), (3, 4), (3, 4), (3, 7), (3, 7), (4, 5), (5, 6), (5, 6), (6, 7)]
1930 | [(0, 1), (0, 1), (0, 2), (0, 3), (0, 4), (1, 4), (1, 7), (1, 7), (2, 5), (2, 5), (2, 6), (2, 6), (3, 4), (3, 4), (3, 6), (3, 7), (4, 7), (5, 6), (5, 6), (5, 7)]
1931 | [(0, 1), (0, 1), (0, 2), (0, 3), (0, 4), (1, 4), (1, 7), (1, 7), (2, 5), (2, 5), (2, 6), (2, 6), (3, 4), (3, 4), (3, 5), (3, 7), (4, 7), (5, 6), (5, 6), (6, 7)]
1934 | [(0, 1), (0, 1), (0, 2), (0, 3), (0, 4), (1, 4), (1, 7), (1, 7), (2, 4), (2, 6), (2, 7), (2, 7), (3, 5), (3, 5), (3, 6), (3, 6), (4, 5), (4, 7), (5, 6), (5, 6)]
1949 | [(0, 1), (0, 1), (0, 2), (0, 3), (0, 4), (1, 4), (1, 7), (1, 7), (2, 4), (2, 5), (2, 7), (2, 7), (3, 5), (3, 5), (3, 6), (3, 6), (4, 6), (4, 7), (5, 6), (5, 6)]
1958 | [(0, 1), (0, 1), (0, 2), (0, 3), (0, 4), (1, 4), (1, 7), (1, 7), (2, 4), (2, 5), (2, 6), (2, 7), (3, 5), (3, 5), (3, 6), (3, 6), (4, 7), (4, 7), (5, 6), (5, 6)]
1997 | [(0, 1), (0, 1), (0, 2), (0, 3), (0, 4), (1, 4), (1, 7), (1, 7), (2, 4), (2, 4), (2, 7), (2, 7), (3, 5), (3, 5), (3, 6), (3, 6), (4, 6), (5, 6), (5, 6), (5, 7)]
1998 | [(0, 1), (0, 1), (0, 2), (0, 3), (0, 4), (1, 4), (1, 7), (1, 7), (2, 4), (2, 4), (2, 7), (2, 7), (3, 5), (3, 5), (3, 6), (3, 6), (4, 5), (5, 6), (5, 6), (6, 7)]
2002 | [(0, 1), (0, 1), (0, 2), (0, 3), (0, 4), (1, 4), (1, 7), (1, 7), (2, 4), (2, 4), (2, 6), (2, 7), (3, 5), (3, 5), (3, 6), (3, 6), (4, 7), (5, 6), (5, 6), (5, 7)]
2014 | [(0, 1), (0, 1), (0, 2), (0, 3), (0, 4), (1, 4), (1, 7), (1, 7), (2, 4), (2, 4), (2, 5), (2, 7), (3, 5), (3, 5), (3, 6), (3, 6), (4, 7), (5, 6), (5, 6), (6, 7)]
2369 | [(0, 1), (0, 1), (0, 2), (0, 3), (0, 4), (1, 4), (1, 6), (1, 7), (2, 5), (2, 5), (2, 6), (2, 6), (3, 4), (3, 5), (3, 7), (3, 7), (4, 7), (4, 7), (5, 6), (5, 6)]
2370 | [(0, 1), (0, 1), (0, 2), (0, 3), (0, 4), (1, 4), (1, 6), (1, 7), (2, 5), (2, 5), (2, 6), (2, 6), (3, 4), (3, 4), (3, 7), (3, 7), (4, 7), (5, 6), (5, 6), (5, 7)]
2389 | [(0, 1), (0, 1), (0, 2), (0, 3), (0, 4), (1, 4), (1, 6), (1, 7), (2, 4), (2, 5), (2, 7), (2, 7), (3, 5), (3, 5), (3, 6), (3, 6), (4, 7), (4, 7), (5, 6), (5, 6)]
2429 | [(0, 1), (0, 1), (0, 2), (0, 3), (0, 4), (1, 4), (1, 6), (1, 7), (2, 4), (2, 4), (2, 7), (2, 7), (3, 5), (3, 5), (3, 6), (3, 6), (4, 7), (5, 6), (5, 6), (5, 7)]
2735 | [(0, 1), (0, 1), (0, 2), (0, 3), (0, 4), (1, 4), (1, 6), (1, 7), (2, 3), (2, 3), (2, 4), (2, 5), (3, 4), (3, 4), (5, 6), (5, 6), (5, 7), (5, 7), (6, 7), (6, 7)]
2741 | [(0, 1), (0, 1), (0, 2), (0, 3), (0, 4), (1, 4), (1, 6), (1, 7), (2, 3), (2, 3), (2, 4), (2, 4), (3, 4), (3, 5), (5, 6), (5, 6), (5, 7), (5, 7), (6, 7), (6, 7)]
2864 | [(0, 1), (0, 1), (0, 2), (0, 3), (0, 4), (1, 4), (1, 6), (1, 6), (2, 3), (2, 3), (2, 7), (2, 7), (3, 7), (3, 7), (4, 5), (4, 5), (4, 6), (5, 6), (5, 6), (5, 7)]
2949 | [(0, 1), (0, 1), (0, 2), (0, 3), (0, 4), (1, 4), (1, 5), (1, 7), (2, 5), (2, 5), (2, 6), (2, 6), (3, 4), (3, 6), (3, 7), (3, 7), (4, 7), (4, 7), (5, 6), (5, 6)]
2950 | [(0, 1), (0, 1), (0, 2), (0, 3), (0, 4), (1, 4), (1, 5), (1, 7), (2, 5), (2, 5), (2, 6), (2, 6), (3, 4), (3, 4), (3, 7), (3, 7), (4, 7), (5, 6), (5, 6), (6, 7)]
2956 | [(0, 1), (0, 1), (0, 2), (0, 3), (0, 4), (1, 4), (1, 5), (1, 7), (2, 4), (2, 6), (2, 7), (2, 7), (3, 5), (3, 5), (3, 6), (3, 6), (4, 7), (4, 7), (5, 6), (5, 6)]
3009 | [(0, 1), (0, 1), (0, 2), (0, 3), (0, 4), (1, 4), (1, 5), (1, 7), (2, 4), (2, 4), (2, 7), (2, 7), (3, 5), (3, 5), (3, 6), (3, 6), (4, 7), (5, 6), (5, 6), (6, 7)]
3306 | [(0, 1), (0, 1), (0, 2), (0, 3), (0, 4), (1, 4), (1, 5), (1, 7), (2, 3), (2, 3), (2, 4), (2, 6), (3, 4), (3, 4), (5, 6), (5, 6), (5, 7), (5, 7), (6, 7), (6, 7)]
3321 | [(0, 1), (0, 1), (0, 2), (0, 3), (0, 4), (1, 4), (1, 5), (1, 7), (2, 3), (2, 3), (2, 4), (2, 4), (3, 4), (3, 6), (5, 6), (5, 6), (5, 7), (5, 7), (6, 7), (6, 7)]
3496 | [(0, 1), (0, 1), (0, 2), (0, 3), (0, 4), (1, 4), (1, 5), (1, 6), (2, 3), (2, 3), (2, 7), (2, 7), (3, 7), (3, 7), (4, 5), (4, 6), (4, 6), (5, 6), (5, 6), (5, 7)]
3497 | [(0, 1), (0, 1), (0, 2), (0, 3), (0, 4), (1, 4), (1, 5), (1, 6), (2, 3), (2, 3), (2, 7), (2, 7), (3, 7), (3, 7), (4, 5), (4, 5), (4, 6), (5, 6), (5, 6), (6, 7)]
3556 | [(0, 1), (0, 1), (0, 2), (0, 3), (0, 4), (1, 4), (1, 5), (1, 6), (2, 3), (2, 3), (2, 4), (2, 7), (3, 4), (3, 4), (5, 6), (5, 6), (5, 7), (5, 7), (6, 7), (6, 7)]
3571 | [(0, 1), (0, 1), (0, 2), (0, 3), (0, 4), (1, 4), (1, 5), (1, 6), (2, 3), (2, 3), (2, 4), (2, 4), (3, 4), (3, 7), (5, 6), (5, 6), (5, 7), (5, 7), (6, 7), (6, 7)]
3694 | [(0, 1), (0, 1), (0, 2), (0, 3), (0, 4), (1, 4), (1, 5), (1, 5), (2, 3), (2, 3), (2, 7), (2, 7), (3, 7), (3, 7), (4, 5), (4, 6), (4, 6), (5, 6), (5, 6), (6, 7)]
3758 | [(0, 1), (0, 1), (0, 2), (0, 3), (0, 4), (1, 4), (1, 4), (1, 7), (2, 5), (2, 6), (2, 7), (2, 7), (3, 5), (3, 5), (3, 6), (3, 6), (4, 7), (4, 7), (5, 6), (5, 6)]
3797 | [(0, 1), (0, 1), (0, 2), (0, 3), (0, 4), (1, 4), (1, 4), (1, 7), (2, 5), (2, 5), (2, 6), (2, 6), (3, 5), (3, 6), (3, 7), (3, 7), (4, 7), (4, 7), (5, 6), (5, 6)]
3798 | [(0, 1), (0, 1), (0, 2), (0, 3), (0, 4), (1, 4), (1, 4), (1, 7), (2, 5), (2, 5), (2, 6), (2, 6), (3, 4), (3, 6), (3, 7), (3, 7), (4, 7), (5, 6), (5, 6), (5, 7)]
3799 | [(0, 1), (0, 1), (0, 2), (0, 3), (0, 4), (1, 4), (1, 4), (1, 7), (2, 5), (2, 5), (2, 6), (2, 6), (3, 4), (3, 5), (3, 7), (3, 7), (4, 7), (5, 6), (5, 6), (6, 7)]
3800 | [(0, 1), (0, 1), (0, 2), (0, 3), (0, 4), (1, 4), (1, 4), (1, 7), (2, 5), (2, 5), (2, 6), (2, 6), (3, 4), (3, 4), (3, 7), (3, 7), (5, 6), (5, 6), (5, 7), (6, 7)]
3804 | [(0, 1), (0, 1), (0, 2), (0, 3), (0, 4), (1, 4), (1, 4), (1, 7), (2, 4), (2, 6), (2, 7), (2, 7), (3, 5), (3, 5), (3, 6), (3, 6), (4, 7), (5, 6), (5, 6), (5, 7)]
3816 | [(0, 1), (0, 1), (0, 2), (0, 3), (0, 4), (1, 4), (1, 4), (1, 7), (2, 4), (2, 5), (2, 7), (2, 7), (3, 5), (3, 5), (3, 6), (3, 6), (4, 7), (5, 6), (5, 6), (6, 7)]
3842 | [(0, 1), (0, 1), (0, 2), (0, 3), (0, 4), (1, 4), (1, 4), (1, 7), (2, 4), (2, 4), (2, 7), (2, 7), (3, 5), (3, 5), (3, 6), (3, 6), (5, 6), (5, 6), (5, 7), (6, 7)]
4050 | [(0, 1), (0, 1), (0, 2), (0, 3), (0, 4), (1, 4), (1, 4), (1, 7), (2, 3), (2, 3), (2, 5), (2, 6), (3, 4), (3, 4), (5, 6), (5, 6), (5, 7), (5, 7), (6, 7), (6, 7)]
4069 | [(0, 1), (0, 1), (0, 2), (0, 3), (0, 4), (1, 4), (1, 4), (1, 7), (2, 3), (2, 3), (2, 4), (2, 6), (3, 4), (3, 5), (5, 6), (5, 6), (5, 7), (5, 7), (6, 7), (6, 7)]
4075 | [(0, 1), (0, 1), (0, 2), (0, 3), (0, 4), (1, 4), (1, 4), (1, 7), (2, 3), (2, 3), (2, 4), (2, 5), (3, 4), (3, 6), (5, 6), (5, 6), (5, 7), (5, 7), (6, 7), (6, 7)]
4076 | [(0, 1), (0, 1), (0, 2), (0, 3), (0, 4), (1, 4), (1, 4), (1, 7), (2, 3), (2, 3), (2, 4), (2, 4), (3, 5), (3, 6), (5, 6), (5, 6), (5, 7), (5, 7), (6, 7), (6, 7)]
4275 | [(0, 1), (0, 1), (0, 2), (0, 3), (0, 4), (1, 4), (1, 4), (1, 6), (2, 3), (2, 3), (2, 5), (2, 7), (3, 4), (3, 4), (5, 6), (5, 6), (5, 7), (5, 7), (6, 7), (6, 7)]
4291 | [(0, 1), (0, 1), (0, 2), (0, 3), (0, 4), (1, 4), (1, 4), (1, 6), (2, 3), (2, 3), (2, 4), (2, 7), (3, 4), (3, 5), (5, 6), (5, 6), (5, 7), (5, 7), (6, 7), (6, 7)]
4298 | [(0, 1), (0, 1), (0, 2), (0, 3), (0, 4), (1, 4), (1, 4), (1, 6), (2, 3), (2, 3), (2, 4), (2, 5), (3, 4), (3, 7), (5, 6), (5, 6), (5, 7), (5, 7), (6, 7), (6, 7)]
4299 | [(0, 1), (0, 1), (0, 2), (0, 3), (0, 4), (1, 4), (1, 4), (1, 6), (2, 3), (2, 3), (2, 4), (2, 4), (3, 5), (3, 7), (5, 6), (5, 6), (5, 7), (5, 7), (6, 7), (6, 7)]
4487 | [(0, 1), (0, 1), (0, 2), (0, 3), (0, 4), (1, 4), (1, 4), (1, 5), (2, 3), (2, 3), (2, 6), (2, 7), (3, 4), (3, 4), (5, 6), (5, 6), (5, 7), (5, 7), (6, 7), (6, 7)]
4514 | [(0, 1), (0, 1), (0, 2), (0, 3), (0, 4), (1, 4), (1, 4), (1, 5), (2, 3), (2, 3), (2, 4), (2, 7), (3, 4), (3, 6), (5, 6), (5, 6), (5, 7), (5, 7), (6, 7), (6, 7)]
4519 | [(0, 1), (0, 1), (0, 2), (0, 3), (0, 4), (1, 4), (1, 4), (1, 5), (2, 3), (2, 3), (2, 4), (2, 6), (3, 4), (3, 7), (5, 6), (5, 6), (5, 7), (5, 7), (6, 7), (6, 7)]
4522 | [(0, 1), (0, 1), (0, 2), (0, 3), (0, 4), (1, 4), (1, 4), (1, 5), (2, 3), (2, 3), (2, 4), (2, 4), (3, 6), (3, 7), (5, 6), (5, 6), (5, 7), (5, 7), (6, 7), (6, 7)]
4564 | [(0, 1), (0, 1), (0, 2), (0, 3), (0, 4), (1, 3), (1, 7), (1, 7), (2, 5), (2, 5), (2, 6), (2, 6), (3, 4), (3, 7), (3, 7), (4, 5), (4, 6), (4, 7), (5, 6), (5, 6)]
4565 | [(0, 1), (0, 1), (0, 2), (0, 3), (0, 4), (1, 3), (1, 7), (1, 7), (2, 5), (2, 5), (2, 6), (2, 6), (3, 4), (3, 6), (3, 7), (4, 5), (4, 7), (4, 7), (5, 6), (5, 6)]
4566 | [(0, 1), (0, 1), (0, 2), (0, 3), (0, 4), (1, 3), (1, 7), (1, 7), (2, 5), (2, 5), (2, 6), (2, 6), (3, 4), (3, 5), (3, 7), (4, 6), (4, 7), (4, 7), (5, 6), (5, 6)]
4567 | [(0, 1), (0, 1), (0, 2), (0, 3), (0, 4), (1, 3), (1, 7), (1, 7), (2, 5), (2, 5), (2, 6), (2, 6), (3, 4), (3, 4), (3, 7), (4, 6), (4, 7), (5, 6), (5, 6), (5, 7)]
4568 | [(0, 1), (0, 1), (0, 2), (0, 3), (0, 4), (1, 3), (1, 7), (1, 7), (2, 5), (2, 5), (2, 6), (2, 6), (3, 4), (3, 4), (3, 7), (4, 5), (4, 7), (5, 6), (5, 6), (6, 7)]
4569 | [(0, 1), (0, 1), (0, 2), (0, 3), (0, 4), (1, 3), (1, 7), (1, 7), (2, 5), (2, 5), (2, 6), (2, 6), (3, 4), (3, 4), (3, 6), (4, 7), (4, 7), (5, 6), (5, 6), (5, 7)]
4570 | [(0, 1), (0, 1), (0, 2), (0, 3), (0, 4), (1, 3), (1, 7), (1, 7), (2, 5), (2, 5), (2, 6), (2, 6), (3, 4), (3, 4), (3, 5), (4, 7), (4, 7), (5, 6), (5, 6), (6, 7)]
4739 | [(0, 1), (0, 1), (0, 2), (0, 3), (0, 4), (1, 3), (1, 7), (1, 7), (2, 3), (2, 6), (2, 7), (2, 7), (3, 5), (3, 7), (4, 5), (4, 5), (4, 6), (4, 6), (5, 6), (5, 6)]
4754 | [(0, 1), (0, 1), (0, 2), (0, 3), (0, 4), (1, 3), (1, 7), (1, 7), (2, 3), (2, 5), (2, 7), (2, 7), (3, 6), (3, 7), (4, 5), (4, 5), (4, 6), (4, 6), (5, 6), (5, 6)]
4760 | [(0, 1), (0, 1), (0, 2), (0, 3), (0, 4), (1, 3), (1, 7), (1, 7), (2, 3), (2, 5), (2, 6), (2, 7), (3, 7), (3, 7), (4, 5), (4, 5), (4, 6), (4, 6), (5, 6), (5, 6)]
4912 | [(0, 1), (0, 1), (0, 2), (0, 3), (0, 4), (1, 3), (1, 7), (1, 7), (2, 3), (2, 3), (2, 7), (2, 7), (3, 6), (4, 5), (4, 5), (4, 6), (4, 6), (5, 6), (5, 6), (5, 7)]
4913 | [(0, 1), (0, 1), (0, 2), (0, 3), (0, 4), (1, 3), (1, 7), (1, 7), (2, 3), (2, 3), (2, 7), (2, 7), (3, 5), (4, 5), (4, 5), (4, 6), (4, 6), (5, 6), (5, 6), (6, 7)]
4914 | [(0, 1), (0, 1), (0, 2), (0, 3), (0, 4), (1, 3), (1, 7), (1, 7), (2, 3), (2, 3), (2, 6), (2, 7), (3, 7), (4, 5), (4, 5), (4, 6), (4, 6), (5, 6), (5, 6), (5, 7)]
4926 | [(0, 1), (0, 1), (0, 2), (0, 3), (0, 4), (1, 3), (1, 7), (1, 7), (2, 3), (2, 3), (2, 5), (2, 7), (3, 7), (4, 5), (4, 5), (4, 6), (4, 6), (5, 6), (5, 6), (6, 7)]
5008 | [(0, 1), (0, 1), (0, 2), (0, 3), (0, 4), (1, 3), (1, 6), (1, 7), (2, 5), (2, 5), (2, 6), (2, 6), (3, 4), (3, 7), (3, 7), (4, 5), (4, 7), (4, 7), (5, 6), (5, 6)]
5009 | [(0, 1), (0, 1), (0, 2), (0, 3), (0, 4), (1, 3), (1, 6), (1, 7), (2, 5), (2, 5), (2, 6), (2, 6), (3, 4), (3, 4), (3, 7), (4, 7), (4, 7), (5, 6), (5, 6), (5, 7)]
5172 | [(0, 1), (0, 1), (0, 2), (0, 3), (0, 4), (1, 3), (1, 6), (1, 7), (2, 3), (2, 5), (2, 7), (2, 7), (3, 7), (3, 7), (4, 5), (4, 5), (4, 6), (4, 6), (5, 6), (5, 6)]
5319 | [(0, 1), (0, 1), (0, 2), (0, 3), (0, 4), (1, 3), (1, 6), (1, 7), (2, 3), (2, 4), (2, 4), (2, 5), (3, 4), (3, 4), (5, 6), (5, 6), (5, 7), (5, 7), (6, 7), (6, 7)]
5320 | [(0, 1), (0, 1), (0, 2), (0, 3), (0, 4), (1, 3), (1, 6), (1, 7), (2, 3), (2, 3), (2, 7), (2, 7), (3, 7), (4, 5), (4, 5), (4, 6), (4, 6), (5, 6), (5, 6), (5, 7)]
5380 | [(0, 1), (0, 1), (0, 2), (0, 3), (0, 4), (1, 3), (1, 6), (1, 7), (2, 3), (2, 3), (2, 4), (2, 4), (3, 4), (4, 5), (5, 6), (5, 6), (5, 7), (5, 7), (6, 7), (6, 7)]
5434 | [(0, 1), (0, 1), (0, 2), (0, 3), (0, 4), (1, 3), (1, 6), (1, 6), (2, 4), (2, 4), (2, 7), (2, 7), (3, 5), (3, 5), (3, 6), (4, 7), (4, 7), (5, 6), (5, 6), (5, 7)]
5588 | [(0, 1), (0, 1), (0, 2), (0, 3), (0, 4), (1, 3), (1, 5), (1, 7), (2, 5), (2, 5), (2, 6), (2, 6), (3, 4), (3, 7), (3, 7), (4, 6), (4, 7), (4, 7), (5, 6), (5, 6)]
5589 | [(0, 1), (0, 1), (0, 2), (0, 3), (0, 4), (1, 3), (1, 5), (1, 7), (2, 5), (2, 5), (2, 6), (2, 6), (3, 4), (3, 4), (3, 7), (4, 7), (4, 7), (5, 6), (5, 6), (6, 7)]
5739 | [(0, 1), (0, 1), (0, 2), (0, 3), (0, 4), (1, 3), (1, 5), (1, 7), (2, 3), (2, 6), (2, 7), (2, 7), (3, 7), (3, 7), (4, 5), (4, 5), (4, 6), (4, 6), (5, 6), (5, 6)]
5890 | [(0, 1), (0, 1), (0, 2), (0, 3), (0, 4), (1, 3), (1, 5), (1, 7), (2, 3), (2, 4), (2, 4), (2, 6), (3, 4), (3, 4), (5, 6), (5, 6), (5, 7), (5, 7), (6, 7), (6, 7)]
5900 | [(0, 1), (0, 1), (0, 2), (0, 3), (0, 4), (1, 3), (1, 5), (1, 7), (2, 3), (2, 3), (2, 7), (2, 7), (3, 7), (4, 5), (4, 5), (4, 6), (4, 6), (5, 6), (5, 6), (6, 7)]
5960 | [(0, 1), (0, 1), (0, 2), (0, 3), (0, 4), (1, 3), (1, 5), (1, 7), (2, 3), (2, 3), (2, 4), (2, 4), (3, 4), (4, 6), (5, 6), (5, 6), (5, 7), (5, 7), (6, 7), (6, 7)]
6034 | [(0, 1), (0, 1), (0, 2), (0, 3), (0, 4), (1, 3), (1, 5), (1, 6), (2, 4), (2, 4), (2, 7), (2, 7), (3, 5), (3, 6), (3, 6), (4, 7), (4, 7), (5, 6), (5, 6), (5, 7)]
6036 | [(0, 1), (0, 1), (0, 2), (0, 3), (0, 4), (1, 3), (1, 5), (1, 6), (2, 4), (2, 4), (2, 7), (2, 7), (3, 5), (3, 5), (3, 6), (4, 7), (4, 7), (5, 6), (5, 6), (6, 7)]
6163 | [(0, 1), (0, 1), (0, 2), (0, 3), (0, 4), (1, 3), (1, 5), (1, 6), (2, 3), (2, 4), (2, 4), (2, 7), (3, 4), (3, 4), (5, 6), (5, 6), (5, 7), (5, 7), (6, 7), (6, 7)]
6210 | [(0, 1), (0, 1), (0, 2), (0, 3), (0, 4), (1, 3), (1, 5), (1, 6), (2, 3), (2, 3), (2, 4), (2, 4), (3, 4), (4, 7), (5, 6), (5, 6), (5, 7), (5, 7), (6, 7), (6, 7)]
6264 | [(0, 1), (0, 1), (0, 2), (0, 3), (0, 4), (1, 3), (1, 5), (1, 5), (2, 4), (2, 4), (2, 7), (2, 7), (3, 5), (3, 6), (3, 6), (4, 7), (4, 7), (5, 6), (5, 6), (6, 7)]
6458 | [(0, 1), (0, 1), (0, 2), (0, 3), (0, 4), (1, 3), (1, 4), (1, 7), (2, 5), (2, 5), (2, 6), (2, 6), (3, 6), (3, 7), (3, 7), (4, 5), (4, 7), (4, 7), (5, 6), (5, 6)]
6459 | [(0, 1), (0, 1), (0, 2), (0, 3), (0, 4), (1, 3), (1, 4), (1, 7), (2, 5), (2, 5), (2, 6), (2, 6), (3, 5), (3, 7), (3, 7), (4, 6), (4, 7), (4, 7), (5, 6), (5, 6)]
6460 | [(0, 1), (0, 1), (0, 2), (0, 3), (0, 4), (1, 3), (1, 4), (1, 7), (2, 5), (2, 5), (2, 6), (2, 6), (3, 4), (3, 7), (3, 7), (4, 6), (4, 7), (5, 6), (5, 6), (5, 7)]
6461 | [(0, 1), (0, 1), (0, 2), (0, 3), (0, 4), (1, 3), (1, 4), (1, 7), (2, 5), (2, 5), (2, 6), (2, 6), (3, 4), (3, 7), (3, 7), (4, 5), (4, 7), (5, 6), (5, 6), (6, 7)]
6462 | [(0, 1), (0, 1), (0, 2), (0, 3), (0, 4), (1, 3), (1, 4), (1, 7), (2, 5), (2, 5), (2, 6), (2, 6), (3, 4), (3, 6), (3, 7), (4, 7), (4, 7), (5, 6), (5, 6), (5, 7)]
6463 | [(0, 1), (0, 1), (0, 2), (0, 3), (0, 4), (1, 3), (1, 4), (1, 7), (2, 5), (2, 5), (2, 6), (2, 6), (3, 4), (3, 5), (3, 7), (4, 7), (4, 7), (5, 6), (5, 6), (6, 7)]
6464 | [(0, 1), (0, 1), (0, 2), (0, 3), (0, 4), (1, 3), (1, 4), (1, 7), (2, 5), (2, 5), (2, 6), (2, 6), (3, 4), (3, 4), (3, 7), (4, 7), (5, 6), (5, 6), (5, 7), (6, 7)]
6746 | [(0, 1), (0, 1), (0, 2), (0, 3), (0, 4), (1, 3), (1, 4), (1, 7), (2, 3), (2, 4), (2, 5), (2, 6), (3, 4), (3, 4), (5, 6), (5, 6), (5, 7), (5, 7), (6, 7), (6, 7)]
6765 | [(0, 1), (0, 1), (0, 2), (0, 3), (0, 4), (1, 3), (1, 4), (1, 7), (2, 3), (2, 4), (2, 4), (2, 6), (3, 4), (3, 5), (5, 6), (5, 6), (5, 7), (5, 7), (6, 7), (6, 7)]
6771 | [(0, 1), (0, 1), (0, 2), (0, 3), (0, 4), (1, 3), (1, 4), (1, 7), (2, 3), (2, 4), (2, 4), (2, 5), (3, 4), (3, 6), (5, 6), (5, 6), (5, 7), (5, 7), (6, 7), (6, 7)]
6824 | [(0, 1), (0, 1), (0, 2), (0, 3), (0, 4), (1, 3), (1, 4), (1, 7), (2, 3), (2, 3), (2, 4), (2, 6), (3, 4), (4, 5), (5, 6), (5, 6), (5, 7), (5, 7), (6, 7), (6, 7)]
6830 | [(0, 1), (0, 1), (0, 2), (0, 3), (0, 4), (1, 3), (1, 4), (1, 7), (2, 3), (2, 3), (2, 4), (2, 5), (3, 4), (4, 6), (5, 6), (5, 6), (5, 7), (5, 7), (6, 7), (6, 7)]
6831 | [(0, 1), (0, 1), (0, 2), (0, 3), (0, 4), (1, 3), (1, 4), (1, 7), (2, 3), (2, 3), (2, 4), (2, 4), (3, 6), (4, 5), (5, 6), (5, 6), (5, 7), (5, 7), (6, 7), (6, 7)]
6832 | [(0, 1), (0, 1), (0, 2), (0, 3), (0, 4), (1, 3), (1, 4), (1, 7), (2, 3), (2, 3), (2, 4), (2, 4), (3, 5), (4, 6), (5, 6), (5, 6), (5, 7), (5, 7), (6, 7), (6, 7)]
6881 | [(0, 1), (0, 1), (0, 2), (0, 3), (0, 4), (1, 3), (1, 4), (1, 6), (2, 5), (2, 5), (2, 6), (2, 6), (3, 4), (3, 7), (3, 7), (4, 7), (4, 7), (5, 6), (5, 6), (5, 7)]
7073 | [(0, 1), (0, 1), (0, 2), (0, 3), (0, 4), (1, 3), (1, 4), (1, 6), (2, 3), (2, 4), (2, 5), (2, 7), (3, 4), (3, 4), (5, 6), (5, 6), (5, 7), (5, 7), (6, 7), (6, 7)]
7089 | [(0, 1), (0, 1), (0, 2), (0, 3), (0, 4), (1, 3), (1, 4), (1, 6), (2, 3), (2, 4), (2, 4), (2, 7), (3, 4), (3, 5), (5, 6), (5, 6), (5, 7), (5, 7), (6, 7), (6, 7)]
7096 | [(0, 1), (0, 1), (0, 2), (0, 3), (0, 4), (1, 3), (1, 4), (1, 6), (2, 3), (2, 4), (2, 4), (2, 5), (3, 4), (3, 7), (5, 6), (5, 6), (5, 7), (5, 7), (6, 7), (6, 7)]
7133 | [(0, 1), (0, 1), (0, 2), (0, 3), (0, 4), (1, 3), (1, 4), (1, 6), (2, 3), (2, 3), (2, 4), (2, 7), (3, 4), (4, 5), (5, 6), (5, 6), (5, 7), (5, 7), (6, 7), (6, 7)]
7140 | [(0, 1), (0, 1), (0, 2), (0, 3), (0, 4), (1, 3), (1, 4), (1, 6), (2, 3), (2, 3), (2, 4), (2, 5), (3, 4), (4, 7), (5, 6), (5, 6), (5, 7), (5, 7), (6, 7), (6, 7)]
7141 | [(0, 1), (0, 1), (0, 2), (0, 3), (0, 4), (1, 3), (1, 4), (1, 6), (2, 3), (2, 3), (2, 4), (2, 4), (3, 7), (4, 5), (5, 6), (5, 6), (5, 7), (5, 7), (6, 7), (6, 7)]
7142 | [(0, 1), (0, 1), (0, 2), (0, 3), (0, 4), (1, 3), (1, 4), (1, 6), (2, 3), (2, 3), (2, 4), (2, 4), (3, 5), (4, 7), (5, 6), (5, 6), (5, 7), (5, 7), (6, 7), (6, 7)]
7191 | [(0, 1), (0, 1), (0, 2), (0, 3), (0, 4), (1, 3), (1, 4), (1, 5), (2, 5), (2, 5), (2, 6), (2, 6), (3, 4), (3, 7), (3, 7), (4, 7), (4, 7), (5, 6), (5, 6), (6, 7)]
7372 | [(0, 1), (0, 1), (0, 2), (0, 3), (0, 4), (1, 3), (1, 4), (1, 5), (2, 3), (2, 4), (2, 6), (2, 7), (3, 4), (3, 4), (5, 6), (5, 6), (5, 7), (5, 7), (6, 7), (6, 7)]
7399 | [(0, 1), (0, 1), (0, 2), (0, 3), (0, 4), (1, 3), (1, 4), (1, 5), (2, 3), (2, 4), (2, 4), (2, 7), (3, 4), (3, 6), (5, 6), (5, 6), (5, 7), (5, 7), (6, 7), (6, 7)]
7404 | [(0, 1), (0, 1), (0, 2), (0, 3), (0, 4), (1, 3), (1, 4), (1, 5), (2, 3), (2, 4), (2, 4), (2, 6), (3, 4), (3, 7), (5, 6), (5, 6), (5, 7), (5, 7), (6, 7), (6, 7)]
7443 | [(0, 1), (0, 1), (0, 2), (0, 3), (0, 4), (1, 3), (1, 4), (1, 5), (2, 3), (2, 3), (2, 4), (2, 7), (3, 4), (4, 6), (5, 6), (5, 6), (5, 7), (5, 7), (6, 7), (6, 7)]
7448 | [(0, 1), (0, 1), (0, 2), (0, 3), (0, 4), (1, 3), (1, 4), (1, 5), (2, 3), (2, 3), (2, 4), (2, 6), (3, 4), (4, 7), (5, 6), (5, 6), (5, 7), (5, 7), (6, 7), (6, 7)]
7451 | [(0, 1), (0, 1), (0, 2), (0, 3), (0, 4), (1, 3), (1, 4), (1, 5), (2, 3), (2, 3), (2, 4), (2, 4), (3, 7), (4, 6), (5, 6), (5, 6), (5, 7), (5, 7), (6, 7), (6, 7)]
7452 | [(0, 1), (0, 1), (0, 2), (0, 3), (0, 4), (1, 3), (1, 4), (1, 5), (2, 3), (2, 3), (2, 4), (2, 4), (3, 6), (4, 7), (5, 6), (5, 6), (5, 7), (5, 7), (6, 7), (6, 7)]
7518 | [(0, 1), (0, 1), (0, 2), (0, 3), (0, 4), (1, 3), (1, 4), (1, 4), (2, 5), (2, 5), (2, 6), (2, 6), (3, 6), (3, 7), (3, 7), (4, 7), (4, 7), (5, 6), (5, 6), (5, 7)]
7519 | [(0, 1), (0, 1), (0, 2), (0, 3), (0, 4), (1, 3), (1, 4), (1, 4), (2, 5), (2, 5), (2, 6), (2, 6), (3, 5), (3, 7), (3, 7), (4, 7), (4, 7), (5, 6), (5, 6), (6, 7)]
7520 | [(0, 1), (0, 1), (0, 2), (0, 3), (0, 4), (1, 3), (1, 4), (1, 4), (2, 5), (2, 5), (2, 6), (2, 6), (3, 4), (3, 7), (3, 7), (4, 7), (5, 6), (5, 6), (5, 7), (6, 7)]
7625 | [(0, 1), (0, 1), (0, 2), (0, 3), (0, 4), (1, 3), (1, 4), (1, 4), (2, 3), (2, 5), (2, 6), (2, 7), (3, 4), (3, 4), (5, 6), (5, 6), (5, 7), (5, 7), (6, 7), (6, 7)]
7654 | [(0, 1), (0, 1), (0, 2), (0, 3), (0, 4), (1, 3), (1, 4), (1, 4), (2, 3), (2, 4), (2, 6), (2, 7), (3, 4), (3, 5), (5, 6), (5, 6), (5, 7), (5, 7), (6, 7), (6, 7)]
7662 | [(0, 1), (0, 1), (0, 2), (0, 3), (0, 4), (1, 3), (1, 4), (1, 4), (2, 3), (2, 4), (2, 5), (2, 7), (3, 4), (3, 6), (5, 6), (5, 6), (5, 7), (5, 7), (6, 7), (6, 7)]
7667 | [(0, 1), (0, 1), (0, 2), (0, 3), (0, 4), (1, 3), (1, 4), (1, 4), (2, 3), (2, 4), (2, 5), (2, 6), (3, 4), (3, 7), (5, 6), (5, 6), (5, 7), (5, 7), (6, 7), (6, 7)]
7670 | [(0, 1), (0, 1), (0, 2), (0, 3), (0, 4), (1, 3), (1, 4), (1, 4), (2, 3), (2, 4), (2, 4), (2, 7), (3, 5), (3, 6), (5, 6), (5, 6), (5, 7), (5, 7), (6, 7), (6, 7)]
7671 | [(0, 1), (0, 1), (0, 2), (0, 3), (0, 4), (1, 3), (1, 4), (1, 4), (2, 3), (2, 4), (2, 4), (2, 6), (3, 5), (3, 7), (5, 6), (5, 6), (5, 7), (5, 7), (6, 7), (6, 7)]
7672 | [(0, 1), (0, 1), (0, 2), (0, 3), (0, 4), (1, 3), (1, 4), (1, 4), (2, 3), (2, 4), (2, 4), (2, 5), (3, 6), (3, 7), (5, 6), (5, 6), (5, 7), (5, 7), (6, 7), (6, 7)]
7682 | [(0, 1), (0, 1), (0, 2), (0, 3), (0, 4), (1, 3), (1, 4), (1, 4), (2, 3), (2, 3), (2, 6), (2, 7), (3, 4), (4, 5), (5, 6), (5, 6), (5, 7), (5, 7), (6, 7), (6, 7)]
7690 | [(0, 1), (0, 1), (0, 2), (0, 3), (0, 4), (1, 3), (1, 4), (1, 4), (2, 3), (2, 3), (2, 5), (2, 7), (3, 4), (4, 6), (5, 6), (5, 6), (5, 7), (5, 7), (6, 7), (6, 7)]
7695 | [(0, 1), (0, 1), (0, 2), (0, 3), (0, 4), (1, 3), (1, 4), (1, 4), (2, 3), (2, 3), (2, 5), (2, 6), (3, 4), (4, 7), (5, 6), (5, 6), (5, 7), (5, 7), (6, 7), (6, 7)]
7698 | [(0, 1), (0, 1), (0, 2), (0, 3), (0, 4), (1, 3), (1, 4), (1, 4), (2, 3), (2, 3), (2, 4), (2, 7), (3, 6), (4, 5), (5, 6), (5, 6), (5, 7), (5, 7), (6, 7), (6, 7)]
7699 | [(0, 1), (0, 1), (0, 2), (0, 3), (0, 4), (1, 3), (1, 4), (1, 4), (2, 3), (2, 3), (2, 4), (2, 7), (3, 5), (4, 6), (5, 6), (5, 6), (5, 7), (5, 7), (6, 7), (6, 7)]
7700 | [(0, 1), (0, 1), (0, 2), (0, 3), (0, 4), (1, 3), (1, 4), (1, 4), (2, 3), (2, 3), (2, 4), (2, 6), (3, 7), (4, 5), (5, 6), (5, 6), (5, 7), (5, 7), (6, 7), (6, 7)]
7701 | [(0, 1), (0, 1), (0, 2), (0, 3), (0, 4), (1, 3), (1, 4), (1, 4), (2, 3), (2, 3), (2, 4), (2, 6), (3, 5), (4, 7), (5, 6), (5, 6), (5, 7), (5, 7), (6, 7), (6, 7)]
7702 | [(0, 1), (0, 1), (0, 2), (0, 3), (0, 4), (1, 3), (1, 4), (1, 4), (2, 3), (2, 3), (2, 4), (2, 5), (3, 7), (4, 6), (5, 6), (5, 6), (5, 7), (5, 7), (6, 7), (6, 7)]
7703 | [(0, 1), (0, 1), (0, 2), (0, 3), (0, 4), (1, 3), (1, 4), (1, 4), (2, 3), (2, 3), (2, 4), (2, 5), (3, 6), (4, 7), (5, 6), (5, 6), (5, 7), (5, 7), (6, 7), (6, 7)]
7713 | [(0, 1), (0, 1), (0, 2), (0, 3), (0, 4), (1, 3), (1, 3), (1, 7), (2, 5), (2, 6), (2, 7), (2, 7), (3, 7), (3, 7), (4, 5), (4, 5), (4, 6), (4, 6), (5, 6), (5, 6)]
7757 | [(0, 1), (0, 1), (0, 2), (0, 3), (0, 4), (1, 3), (1, 3), (1, 7), (2, 5), (2, 5), (2, 6), (2, 6), (3, 7), (3, 7), (4, 5), (4, 6), (4, 7), (4, 7), (5, 6), (5, 6)]
7758 | [(0, 1), (0, 1), (0, 2), (0, 3), (0, 4), (1, 3), (1, 3), (1, 7), (2, 5), (2, 5), (2, 6), (2, 6), (3, 4), (3, 7), (4, 6), (4, 7), (4, 7), (5, 6), (5, 6), (5, 7)]
7759 | [(0, 1), (0, 1), (0, 2), (0, 3), (0, 4), (1, 3), (1, 3), (1, 7), (2, 5), (2, 5), (2, 6), (2, 6), (3, 4), (3, 7), (4, 5), (4, 7), (4, 7), (5, 6), (5, 6), (6, 7)]
7760 | [(0, 1), (0, 1), (0, 2), (0, 3), (0, 4), (1, 3), (1, 3), (1, 7), (2, 5), (2, 5), (2, 6), (2, 6), (3, 4), (3, 4), (4, 7), (4, 7), (5, 6), (5, 6), (5, 7), (6, 7)]
7908 | [(0, 1), (0, 1), (0, 2), (0, 3), (0, 4), (1, 3), (1, 3), (1, 7), (2, 4), (2, 4), (2, 5), (2, 6), (3, 4), (3, 4), (5, 6), (5, 6), (5, 7), (5, 7), (6, 7), (6, 7)]
7918 | [(0, 1), (0, 1), (0, 2), (0, 3), (0, 4), (1, 3), (1, 3), (1, 7), (2, 3), (2, 6), (2, 7), (2, 7), (3, 7), (4, 5), (4, 5), (4, 6), (4, 6), (5, 6), (5, 6), (5, 7)]
7930 | [(0, 1), (0, 1), (0, 2), (0, 3), (0, 4), (1, 3), (1, 3), (1, 7), (2, 3), (2, 5), (2, 7), (2, 7), (3, 7), (4, 5), (4, 5), (4, 6), (4, 6), (5, 6), (5, 6), (6, 7)]
8011 | [(0, 1), (0, 1), (0, 2), (0, 3), (0, 4), (1, 3), (1, 3), (1, 7), (2, 3), (2, 4), (2, 4), (2, 6), (3, 4), (4, 5), (5, 6), (5, 6), (5, 7), (5, 7), (6, 7), (6, 7)]
8017 | [(0, 1), (0, 1), (0, 2), (0, 3), (0, 4), (1, 3), (1, 3), (1, 7), (2, 3), (2, 4), (2, 4), (2, 5), (3, 4), (4, 6), (5, 6), (5, 6), (5, 7), (5, 7), (6, 7), (6, 7)]
8018 | [(0, 1), (0, 1), (0, 2), (0, 3), (0, 4), (1, 3), (1, 3), (1, 7), (2, 3), (2, 3), (2, 7), (2, 7), (4, 5), (4, 5), (4, 6), (4, 6), (5, 6), (5, 6), (5, 7), (6, 7)]
8036 | [(0, 1), (0, 1), (0, 2), (0, 3), (0, 4), (1, 3), (1, 3), (1, 7), (2, 3), (2, 3), (2, 4), (2, 4), (4, 5), (4, 6), (5, 6), (5, 6), (5, 7), (5, 7), (6, 7), (6, 7)]
8167 | [(0, 1), (0, 1), (0, 2), (0, 3), (0, 4), (1, 3), (1, 3), (1, 6), (2, 4), (2, 4), (2, 5), (2, 7), (3, 4), (3, 4), (5, 6), (5, 6), (5, 7), (5, 7), (6, 7), (6, 7)]
8239 | [(0, 1), (0, 1), (0, 2), (0, 3), (0, 4), (1, 3), (1, 3), (1, 6), (2, 3), (2, 4), (2, 4), (2, 7), (3, 4), (4, 5), (5, 6), (5, 6), (5, 7), (5, 7), (6, 7), (6, 7)]
8246 | [(0, 1), (0, 1), (0, 2), (0, 3), (0, 4), (1, 3), (1, 3), (1, 6), (2, 3), (2, 4), (2, 4), (2, 5), (3, 4), (4, 7), (5, 6), (5, 6), (5, 7), (5, 7), (6, 7), (6, 7)]
8259 | [(0, 1), (0, 1), (0, 2), (0, 3), (0, 4), (1, 3), (1, 3), (1, 6), (2, 3), (2, 3), (2, 4), (2, 4), (4, 5), (4, 7), (5, 6), (5, 6), (5, 7), (5, 7), (6, 7), (6, 7)]
8379 | [(0, 1), (0, 1), (0, 2), (0, 3), (0, 4), (1, 3), (1, 3), (1, 5), (2, 4), (2, 4), (2, 6), (2, 7), (3, 4), (3, 4), (5, 6), (5, 6), (5, 7), (5, 7), (6, 7), (6, 7)]
8462 | [(0, 1), (0, 1), (0, 2), (0, 3), (0, 4), (1, 3), (1, 3), (1, 5), (2, 3), (2, 4), (2, 4), (2, 7), (3, 4), (4, 6), (5, 6), (5, 6), (5, 7), (5, 7), (6, 7), (6, 7)]
8467 | [(0, 1), (0, 1), (0, 2), (0, 3), (0, 4), (1, 3), (1, 3), (1, 5), (2, 3), (2, 4), (2, 4), (2, 6), (3, 4), (4, 7), (5, 6), (5, 6), (5, 7), (5, 7), (6, 7), (6, 7)]
8482 | [(0, 1), (0, 1), (0, 2), (0, 3), (0, 4), (1, 3), (1, 3), (1, 5), (2, 3), (2, 3), (2, 4), (2, 4), (4, 6), (4, 7), (5, 6), (5, 6), (5, 7), (5, 7), (6, 7), (6, 7)]
8548 | [(0, 1), (0, 1), (0, 2), (0, 3), (0, 4), (1, 3), (1, 3), (1, 4), (2, 5), (2, 5), (2, 6), (2, 6), (3, 7), (3, 7), (4, 6), (4, 7), (4, 7), (5, 6), (5, 6), (5, 7)]
8549 | [(0, 1), (0, 1), (0, 2), (0, 3), (0, 4), (1, 3), (1, 3), (1, 4), (2, 5), (2, 5), (2, 6), (2, 6), (3, 7), (3, 7), (4, 5), (4, 7), (4, 7), (5, 6), (5, 6), (6, 7)]
8550 | [(0, 1), (0, 1), (0, 2), (0, 3), (0, 4), (1, 3), (1, 3), (1, 4), (2, 5), (2, 5), (2, 6), (2, 6), (3, 4), (3, 7), (4, 7), (4, 7), (5, 6), (5, 6), (5, 7), (6, 7)]
8600 | [(0, 1), (0, 1), (0, 2), (0, 3), (0, 4), (1, 3), (1, 3), (1, 4), (2, 4), (2, 5), (2, 6), (2, 7), (3, 4), (3, 4), (5, 6), (5, 6), (5, 7), (5, 7), (6, 7), (6, 7)]
8629 | [(0, 1), (0, 1), (0, 2), (0, 3), (0, 4), (1, 3), (1, 3), (1, 4), (2, 4), (2, 4), (2, 6), (2, 7), (3, 4), (3, 5), (5, 6), (5, 6), (5, 7), (5, 7), (6, 7), (6, 7)]
8637 | [(0, 1), (0, 1), (0, 2), (0, 3), (0, 4), (1, 3), (1, 3), (1, 4), (2, 4), (2, 4), (2, 5), (2, 7), (3, 4), (3, 6), (5, 6), (5, 6), (5, 7), (5, 7), (6, 7), (6, 7)]
8642 | [(0, 1), (0, 1), (0, 2), (0, 3), (0, 4), (1, 3), (1, 3), (1, 4), (2, 4), (2, 4), (2, 5), (2, 6), (3, 4), (3, 7), (5, 6), (5, 6), (5, 7), (5, 7), (6, 7), (6, 7)]
8699 | [(0, 1), (0, 1), (0, 2), (0, 3), (0, 4), (1, 3), (1, 3), (1, 4), (2, 3), (2, 4), (2, 6), (2, 7), (3, 4), (4, 5), (5, 6), (5, 6), (5, 7), (5, 7), (6, 7), (6, 7)]
8707 | [(0, 1), (0, 1), (0, 2), (0, 3), (0, 4), (1, 3), (1, 3), (1, 4), (2, 3), (2, 4), (2, 5), (2, 7), (3, 4), (4, 6), (5, 6), (5, 6), (5, 7), (5, 7), (6, 7), (6, 7)]
8712 | [(0, 1), (0, 1), (0, 2), (0, 3), (0, 4), (1, 3), (1, 3), (1, 4), (2, 3), (2, 4), (2, 5), (2, 6), (3, 4), (4, 7), (5, 6), (5, 6), (5, 7), (5, 7), (6, 7), (6, 7)]
8715 | [(0, 1), (0, 1), (0, 2), (0, 3), (0, 4), (1, 3), (1, 3), (1, 4), (2, 3), (2, 4), (2, 4), (2, 7), (3, 6), (4, 5), (5, 6), (5, 6), (5, 7), (5, 7), (6, 7), (6, 7)]
8716 | [(0, 1), (0, 1), (0, 2), (0, 3), (0, 4), (1, 3), (1, 3), (1, 4), (2, 3), (2, 4), (2, 4), (2, 7), (3, 5), (4, 6), (5, 6), (5, 6), (5, 7), (5, 7), (6, 7), (6, 7)]
8717 | [(0, 1), (0, 1), (0, 2), (0, 3), (0, 4), (1, 3), (1, 3), (1, 4), (2, 3), (2, 4), (2, 4), (2, 6), (3, 7), (4, 5), (5, 6), (5, 6), (5, 7), (5, 7), (6, 7), (6, 7)]
8718 | [(0, 1), (0, 1), (0, 2), (0, 3), (0, 4), (1, 3), (1, 3), (1, 4), (2, 3), (2, 4), (2, 4), (2, 6), (3, 5), (4, 7), (5, 6), (5, 6), (5, 7), (5, 7), (6, 7), (6, 7)]
8719 | [(0, 1), (0, 1), (0, 2), (0, 3), (0, 4), (1, 3), (1, 3), (1, 4), (2, 3), (2, 4), (2, 4), (2, 5), (3, 7), (4, 6), (5, 6), (5, 6), (5, 7), (5, 7), (6, 7), (6, 7)]
8720 | [(0, 1), (0, 1), (0, 2), (0, 3), (0, 4), (1, 3), (1, 3), (1, 4), (2, 3), (2, 4), (2, 4), (2, 5), (3, 6), (4, 7), (5, 6), (5, 6), (5, 7), (5, 7), (6, 7), (6, 7)]
8731 | [(0, 1), (0, 1), (0, 2), (0, 3), (0, 4), (1, 3), (1, 3), (1, 4), (2, 3), (2, 3), (2, 4), (2, 7), (4, 5), (4, 6), (5, 6), (5, 6), (5, 7), (5, 7), (6, 7), (6, 7)]
8732 | [(0, 1), (0, 1), (0, 2), (0, 3), (0, 4), (1, 3), (1, 3), (1, 4), (2, 3), (2, 3), (2, 4), (2, 6), (4, 5), (4, 7), (5, 6), (5, 6), (5, 7), (5, 7), (6, 7), (6, 7)]
8733 | [(0, 1), (0, 1), (0, 2), (0, 3), (0, 4), (1, 3), (1, 3), (1, 4), (2, 3), (2, 3), (2, 4), (2, 5), (4, 6), (4, 7), (5, 6), (5, 6), (5, 7), (5, 7), (6, 7), (6, 7)]
8811 | [(0, 1), (0, 1), (0, 2), (0, 3), (0, 4), (1, 2), (1, 7), (1, 7), (2, 4), (2, 7), (2, 7), (3, 5), (3, 5), (3, 6), (3, 6), (4, 5), (4, 6), (4, 7), (5, 6), (5, 6)]
8820 | [(0, 1), (0, 1), (0, 2), (0, 3), (0, 4), (1, 2), (1, 7), (1, 7), (2, 4), (2, 6), (2, 7), (3, 5), (3, 5), (3, 6), (3, 6), (4, 5), (4, 7), (4, 7), (5, 6), (5, 6)]
8853 | [(0, 1), (0, 1), (0, 2), (0, 3), (0, 4), (1, 2), (1, 7), (1, 7), (2, 4), (2, 5), (2, 7), (3, 5), (3, 5), (3, 6), (3, 6), (4, 6), (4, 7), (4, 7), (5, 6), (5, 6)]
8908 | [(0, 1), (0, 1), (0, 2), (0, 3), (0, 4), (1, 2), (1, 7), (1, 7), (2, 4), (2, 4), (2, 7), (3, 5), (3, 5), (3, 6), (3, 6), (4, 6), (4, 7), (5, 6), (5, 6), (5, 7)]
8909 | [(0, 1), (0, 1), (0, 2), (0, 3), (0, 4), (1, 2), (1, 7), (1, 7), (2, 4), (2, 4), (2, 7), (3, 5), (3, 5), (3, 6), (3, 6), (4, 5), (4, 7), (5, 6), (5, 6), (6, 7)]
8922 | [(0, 1), (0, 1), (0, 2), (0, 3), (0, 4), (1, 2), (1, 7), (1, 7), (2, 4), (2, 4), (2, 6), (3, 5), (3, 5), (3, 6), (3, 6), (4, 7), (4, 7), (5, 6), (5, 6), (5, 7)]
8940 | [(0, 1), (0, 1), (0, 2), (0, 3), (0, 4), (1, 2), (1, 7), (1, 7), (2, 4), (2, 4), (2, 5), (3, 5), (3, 5), (3, 6), (3, 6), (4, 7), (4, 7), (5, 6), (5, 6), (6, 7)]
8950 | [(0, 1), (0, 1), (0, 2), (0, 3), (0, 4), (1, 2), (1, 7), (1, 7), (2, 3), (2, 7), (2, 7), (3, 5), (3, 6), (3, 7), (4, 5), (4, 5), (4, 6), (4, 6), (5, 6), (5, 6)]
8957 | [(0, 1), (0, 1), (0, 2), (0, 3), (0, 4), (1, 2), (1, 7), (1, 7), (2, 3), (2, 6), (2, 7), (3, 5), (3, 7), (3, 7), (4, 5), (4, 5), (4, 6), (4, 6), (5, 6), (5, 6)]
8990 | [(0, 1), (0, 1), (0, 2), (0, 3), (0, 4), (1, 2), (1, 7), (1, 7), (2, 3), (2, 5), (2, 7), (3, 6), (3, 7), (3, 7), (4, 5), (4, 5), (4, 6), (4, 6), (5, 6), (5, 6)]
9123 | [(0, 1), (0, 1), (0, 2), (0, 3), (0, 4), (1, 2), (1, 7), (1, 7), (2, 3), (2, 3), (2, 7), (3, 6), (3, 7), (4, 5), (4, 5), (4, 6), (4, 6), (5, 6), (5, 6), (5, 7)]
9125 | [(0, 1), (0, 1), (0, 2), (0, 3), (0, 4), (1, 2), (1, 7), (1, 7), (2, 3), (2, 3), (2, 7), (3, 5), (3, 7), (4, 5), (4, 5), (4, 6), (4, 6), (5, 6), (5, 6), (6, 7)]
9133 | [(0, 1), (0, 1), (0, 2), (0, 3), (0, 4), (1, 2), (1, 7), (1, 7), (2, 3), (2, 3), (2, 6), (3, 7), (3, 7), (4, 5), (4, 5), (4, 6), (4, 6), (5, 6), (5, 6), (5, 7)]
9151 | [(0, 1), (0, 1), (0, 2), (0, 3), (0, 4), (1, 2), (1, 7), (1, 7), (2, 3), (2, 3), (2, 5), (3, 7), (3, 7), (4, 5), (4, 5), (4, 6), (4, 6), (5, 6), (5, 6), (6, 7)]
9249 | [(0, 1), (0, 1), (0, 2), (0, 3), (0, 4), (1, 2), (1, 6), (1, 7), (2, 4), (2, 7), (2, 7), (3, 5), (3, 5), (3, 6), (3, 6), (4, 5), (4, 7), (4, 7), (5, 6), (5, 6)]
9335 | [(0, 1), (0, 1), (0, 2), (0, 3), (0, 4), (1, 2), (1, 6), (1, 7), (2, 4), (2, 4), (2, 7), (3, 5), (3, 5), (3, 6), (3, 6), (4, 7), (4, 7), (5, 6), (5, 6), (5, 7)]
9370 | [(0, 1), (0, 1), (0, 2), (0, 3), (0, 4), (1, 2), (1, 6), (1, 7), (2, 3), (2, 7), (2, 7), (3, 5), (3, 7), (3, 7), (4, 5), (4, 5), (4, 6), (4, 6), (5, 6), (5, 6)]
9530 | [(0, 1), (0, 1), (0, 2), (0, 3), (0, 4), (1, 2), (1, 6), (1, 7), (2, 3), (2, 4), (2, 4), (3, 4), (3, 4), (3, 5), (5, 6), (5, 6), (5, 7), (5, 7), (6, 7), (6, 7)]
9531 | [(0, 1), (0, 1), (0, 2), (0, 3), (0, 4), (1, 2), (1, 6), (1, 7), (2, 3), (2, 3), (2, 7), (3, 7), (3, 7), (4, 5), (4, 5), (4, 6), (4, 6), (5, 6), (5, 6), (5, 7)]
9591 | [(0, 1), (0, 1), (0, 2), (0, 3), (0, 4), (1, 2), (1, 6), (1, 7), (2, 3), (2, 3), (2, 4), (3, 4), (3, 4), (4, 5), (5, 6), (5, 6), (5, 7), (5, 7), (6, 7), (6, 7)]
9617 | [(0, 1), (0, 1), (0, 2), (0, 3), (0, 4), (1, 2), (1, 6), (1, 6), (2, 5), (2, 5), (2, 6), (3, 4), (3, 4), (3, 7), (3, 7), (4, 7), (4, 7), (5, 6), (5, 6), (5, 7)]
9829 | [(0, 1), (0, 1), (0, 2), (0, 3), (0, 4), (1, 2), (1, 5), (1, 7), (2, 4), (2, 7), (2, 7), (3, 5), (3, 5), (3, 6), (3, 6), (4, 6), (4, 7), (4, 7), (5, 6), (5, 6)]
9915 | [(0, 1), (0, 1), (0, 2), (0, 3), (0, 4), (1, 2), (1, 5), (1, 7), (2, 4), (2, 4), (2, 7), (3, 5), (3, 5), (3, 6), (3, 6), (4, 7), (4, 7), (5, 6), (5, 6), (6, 7)]
9950 | [(0, 1), (0, 1), (0, 2), (0, 3), (0, 4), (1, 2), (1, 5), (1, 7), (2, 3), (2, 7), (2, 7), (3, 6), (3, 7), (3, 7), (4, 5), (4, 5), (4, 6), (4, 6), (5, 6), (5, 6)]
10110 | [(0, 1), (0, 1), (0, 2), (0, 3), (0, 4), (1, 2), (1, 5), (1, 7), (2, 3), (2, 4), (2, 4), (3, 4), (3, 4), (3, 6), (5, 6), (5, 6), (5, 7), (5, 7), (6, 7), (6, 7)]
10111 | [(0, 1), (0, 1), (0, 2), (0, 3), (0, 4), (1, 2), (1, 5), (1, 7), (2, 3), (2, 3), (2, 7), (3, 7), (3, 7), (4, 5), (4, 5), (4, 6), (4, 6), (5, 6), (5, 6), (6, 7)]
10171 | [(0, 1), (0, 1), (0, 2), (0, 3), (0, 4), (1, 2), (1, 5), (1, 7), (2, 3), (2, 3), (2, 4), (3, 4), (3, 4), (4, 6), (5, 6), (5, 6), (5, 7), (5, 7), (6, 7), (6, 7)]
10203 | [(0, 1), (0, 1), (0, 2), (0, 3), (0, 4), (1, 2), (1, 5), (1, 6), (2, 5), (2, 6), (2, 6), (3, 4), (3, 4), (3, 7), (3, 7), (4, 7), (4, 7), (5, 6), (5, 6), (5, 7)]
10207 | [(0, 1), (0, 1), (0, 2), (0, 3), (0, 4), (1, 2), (1, 5), (1, 6), (2, 5), (2, 5), (2, 6), (3, 4), (3, 4), (3, 7), (3, 7), (4, 7), (4, 7), (5, 6), (5, 6), (6, 7)]
10384 | [(0, 1), (0, 1), (0, 2), (0, 3), (0, 4), (1, 2), (1, 5), (1, 6), (2, 3), (2, 4), (2, 4), (3, 4), (3, 4), (3, 7), (5, 6), (5, 6), (5, 7), (5, 7), (6, 7), (6, 7)]
10421 | [(0, 1), (0, 1), (0, 2), (0, 3), (0, 4), (1, 2), (1, 5), (1, 6), (2, 3), (2, 3), (2, 4), (3, 4), (3, 4), (4, 7), (5, 6), (5, 6), (5, 7), (5, 7), (6, 7), (6, 7)]
10447 | [(0, 1), (0, 1), (0, 2), (0, 3), (0, 4), (1, 2), (1, 5), (1, 5), (2, 5), (2, 6), (2, 6), (3, 4), (3, 4), (3, 7), (3, 7), (4, 7), (4, 7), (5, 6), (5, 6), (6, 7)]
10598 | [(0, 1), (0, 1), (0, 2), (0, 3), (0, 4), (1, 2), (1, 4), (1, 7), (2, 6), (2, 7), (2, 7), (3, 5), (3, 5), (3, 6), (3, 6), (4, 5), (4, 7), (4, 7), (5, 6), (5, 6)]
10631 | [(0, 1), (0, 1), (0, 2), (0, 3), (0, 4), (1, 2), (1, 4), (1, 7), (2, 5), (2, 7), (2, 7), (3, 5), (3, 5), (3, 6), (3, 6), (4, 6), (4, 7), (4, 7), (5, 6), (5, 6)]
10708 | [(0, 1), (0, 1), (0, 2), (0, 3), (0, 4), (1, 2), (1, 4), (1, 7), (2, 4), (2, 7), (2, 7), (3, 5), (3, 5), (3, 6), (3, 6), (4, 6), (4, 7), (5, 6), (5, 6), (5, 7)]
10709 | [(0, 1), (0, 1), (0, 2), (0, 3), (0, 4), (1, 2), (1, 4), (1, 7), (2, 4), (2, 7), (2, 7), (3, 5), (3, 5), (3, 6), (3, 6), (4, 5), (4, 7), (5, 6), (5, 6), (6, 7)]
10722 | [(0, 1), (0, 1), (0, 2), (0, 3), (0, 4), (1, 2), (1, 4), (1, 7), (2, 4), (2, 6), (2, 7), (3, 5), (3, 5), (3, 6), (3, 6), (4, 7), (4, 7), (5, 6), (5, 6), (5, 7)]
10750 | [(0, 1), (0, 1), (0, 2), (0, 3), (0, 4), (1, 2), (1, 4), (1, 7), (2, 4), (2, 5), (2, 7), (3, 5), (3, 5), (3, 6), (3, 6), (4, 7), (4, 7), (5, 6), (5, 6), (6, 7)]
10789 | [(0, 1), (0, 1), (0, 2), (0, 3), (0, 4), (1, 2), (1, 4), (1, 7), (2, 4), (2, 4), (2, 7), (3, 5), (3, 5), (3, 6), (3, 6), (4, 7), (5, 6), (5, 6), (5, 7), (6, 7)]
10957 | [(0, 1), (0, 1), (0, 2), (0, 3), (0, 4), (1, 2), (1, 4), (1, 7), (2, 3), (2, 4), (2, 6), (3, 4), (3, 4), (3, 5), (5, 6), (5, 6), (5, 7), (5, 7), (6, 7), (6, 7)]
10975 | [(0, 1), (0, 1), (0, 2), (0, 3), (0, 4), (1, 2), (1, 4), (1, 7), (2, 3), (2, 4), (2, 5), (3, 4), (3, 4), (3, 6), (5, 6), (5, 6), (5, 7), (5, 7), (6, 7), (6, 7)]
10982 | [(0, 1), (0, 1), (0, 2), (0, 3), (0, 4), (1, 2), (1, 4), (1, 7), (2, 3), (2, 4), (2, 4), (3, 4), (3, 5), (3, 6), (5, 6), (5, 6), (5, 7), (5, 7), (6, 7), (6, 7)]
11015 | [(0, 1), (0, 1), (0, 2), (0, 3), (0, 4), (1, 2), (1, 4), (1, 7), (2, 3), (2, 3), (2, 6), (3, 4), (3, 4), (4, 5), (5, 6), (5, 6), (5, 7), (5, 7), (6, 7), (6, 7)]
11033 | [(0, 1), (0, 1), (0, 2), (0, 3), (0, 4), (1, 2), (1, 4), (1, 7), (2, 3), (2, 3), (2, 5), (3, 4), (3, 4), (4, 6), (5, 6), (5, 6), (5, 7), (5, 7), (6, 7), (6, 7)]
11042 | [(0, 1), (0, 1), (0, 2), (0, 3), (0, 4), (1, 2), (1, 4), (1, 7), (2, 3), (2, 3), (2, 4), (3, 4), (3, 6), (4, 5), (5, 6), (5, 6), (5, 7), (5, 7), (6, 7), (6, 7)]
11043 | [(0, 1), (0, 1), (0, 2), (0, 3), (0, 4), (1, 2), (1, 4), (1, 7), (2, 3), (2, 3), (2, 4), (3, 4), (3, 5), (4, 6), (5, 6), (5, 6), (5, 7), (5, 7), (6, 7), (6, 7)]
11121 | [(0, 1), (0, 1), (0, 2), (0, 3), (0, 4), (1, 2), (1, 4), (1, 6), (2, 4), (2, 7), (2, 7), (3, 5), (3, 5), (3, 6), (3, 6), (4, 7), (4, 7), (5, 6), (5, 6), (5, 7)]
11282 | [(0, 1), (0, 1), (0, 2), (0, 3), (0, 4), (1, 2), (1, 4), (1, 6), (2, 3), (2, 4), (2, 7), (3, 4), (3, 4), (3, 5), (5, 6), (5, 6), (5, 7), (5, 7), (6, 7), (6, 7)]
11301 | [(0, 1), (0, 1), (0, 2), (0, 3), (0, 4), (1, 2), (1, 4), (1, 6), (2, 3), (2, 4), (2, 5), (3, 4), (3, 4), (3, 7), (5, 6), (5, 6), (5, 7), (5, 7), (6, 7), (6, 7)]
11307 | [(0, 1), (0, 1), (0, 2), (0, 3), (0, 4), (1, 2), (1, 4), (1, 6), (2, 3), (2, 4), (2, 4), (3, 4), (3, 5), (3, 7), (5, 6), (5, 6), (5, 7), (5, 7), (6, 7), (6, 7)]
11325 | [(0, 1), (0, 1), (0, 2), (0, 3), (0, 4), (1, 2), (1, 4), (1, 6), (2, 3), (2, 3), (2, 7), (3, 4), (3, 4), (4, 5), (5, 6), (5, 6), (5, 7), (5, 7), (6, 7), (6, 7)]
11344 | [(0, 1), (0, 1), (0, 2), (0, 3), (0, 4), (1, 2), (1, 4), (1, 6), (2, 3), (2, 3), (2, 5), (3, 4), (3, 4), (4, 7), (5, 6), (5, 6), (5, 7), (5, 7), (6, 7), (6, 7)]
11352 | [(0, 1), (0, 1), (0, 2), (0, 3), (0, 4), (1, 2), (1, 4), (1, 6), (2, 3), (2, 3), (2, 4), (3, 4), (3, 7), (4, 5), (5, 6), (5, 6), (5, 7), (5, 7), (6, 7), (6, 7)]
11353 | [(0, 1), (0, 1), (0, 2), (0, 3), (0, 4), (1, 2), (1, 4), (1, 6), (2, 3), (2, 3), (2, 4), (3, 4), (3, 5), (4, 7), (5, 6), (5, 6), (5, 7), (5, 7), (6, 7), (6, 7)]
11431 | [(0, 1), (0, 1), (0, 2), (0, 3), (0, 4), (1, 2), (1, 4), (1, 5), (2, 4), (2, 7), (2, 7), (3, 5), (3, 5), (3, 6), (3, 6), (4, 7), (4, 7), (5, 6), (5, 6), (6, 7)]
11592 | [(0, 1), (0, 1), (0, 2), (0, 3), (0, 4), (1, 2), (1, 4), (1, 5), (2, 3), (2, 4), (2, 7), (3, 4), (3, 4), (3, 6), (5, 6), (5, 6), (5, 7), (5, 7), (6, 7), (6, 7)]
11604 | [(0, 1), (0, 1), (0, 2), (0, 3), (0, 4), (1, 2), (1, 4), (1, 5), (2, 3), (2, 4), (2, 6), (3, 4), (3, 4), (3, 7), (5, 6), (5, 6), (5, 7), (5, 7), (6, 7), (6, 7)]
11617 | [(0, 1), (0, 1), (0, 2), (0, 3), (0, 4), (1, 2), (1, 4), (1, 5), (2, 3), (2, 4), (2, 4), (3, 4), (3, 6), (3, 7), (5, 6), (5, 6), (5, 7), (5, 7), (6, 7), (6, 7)]
11635 | [(0, 1), (0, 1), (0, 2), (0, 3), (0, 4), (1, 2), (1, 4), (1, 5), (2, 3), (2, 3), (2, 7), (3, 4), (3, 4), (4, 6), (5, 6), (5, 6), (5, 7), (5, 7), (6, 7), (6, 7)]
11647 | [(0, 1), (0, 1), (0, 2), (0, 3), (0, 4), (1, 2), (1, 4), (1, 5), (2, 3), (2, 3), (2, 6), (3, 4), (3, 4), (4, 7), (5, 6), (5, 6), (5, 7), (5, 7), (6, 7), (6, 7)]
11662 | [(0, 1), (0, 1), (0, 2), (0, 3), (0, 4), (1, 2), (1, 4), (1, 5), (2, 3), (2, 3), (2, 4), (3, 4), (3, 7), (4, 6), (5, 6), (5, 6), (5, 7), (5, 7), (6, 7), (6, 7)]
11663 | [(0, 1), (0, 1), (0, 2), (0, 3), (0, 4), (1, 2), (1, 4), (1, 5), (2, 3), (2, 3), (2, 4), (3, 4), (3, 6), (4, 7), (5, 6), (5, 6), (5, 7), (5, 7), (6, 7), (6, 7)]
11672 | [(0, 1), (0, 1), (0, 2), (0, 3), (0, 4), (1, 2), (1, 4), (1, 4), (2, 6), (2, 7), (2, 7), (3, 5), (3, 5), (3, 6), (3, 6), (4, 7), (4, 7), (5, 6), (5, 6), (5, 7)]
11700 | [(0, 1), (0, 1), (0, 2), (0, 3), (0, 4), (1, 2), (1, 4), (1, 4), (2, 5), (2, 7), (2, 7), (3, 5), (3, 5), (3, 6), (3, 6), (4, 7), (4, 7), (5, 6), (5, 6), (6, 7)]
11749 | [(0, 1), (0, 1), (0, 2), (0, 3), (0, 4), (1, 2), (1, 4), (1, 4), (2, 4), (2, 7), (2, 7), (3, 5), (3, 5), (3, 6), (3, 6), (4, 7), (5, 6), (5, 6), (5, 7), (6, 7)]
11819 | [(0, 1), (0, 1), (0, 2), (0, 3), (0, 4), (1, 2), (1, 4), (1, 4), (2, 3), (2, 6), (2, 7), (3, 4), (3, 4), (3, 5), (5, 6), (5, 6), (5, 7), (5, 7), (6, 7), (6, 7)]
11844 | [(0, 1), (0, 1), (0, 2), (0, 3), (0, 4), (1, 2), (1, 4), (1, 4), (2, 3), (2, 5), (2, 7), (3, 4), (3, 4), (3, 6), (5, 6), (5, 6), (5, 7), (5, 7), (6, 7), (6, 7)]
11856 | [(0, 1), (0, 1), (0, 2), (0, 3), (0, 4), (1, 2), (1, 4), (1, 4), (2, 3), (2, 5), (2, 6), (3, 4), (3, 4), (3, 7), (5, 6), (5, 6), (5, 7), (5, 7), (6, 7), (6, 7)]
11870 | [(0, 1), (0, 1), (0, 2), (0, 3), (0, 4), (1, 2), (1, 4), (1, 4), (2, 3), (2, 4), (2, 7), (3, 4), (3, 5), (3, 6), (5, 6), (5, 6), (5, 7), (5, 7), (6, 7), (6, 7)]
11876 | [(0, 1), (0, 1), (0, 2), (0, 3), (0, 4), (1, 2), (1, 4), (1, 4), (2, 3), (2, 4), (2, 6), (3, 4), (3, 5), (3, 7), (5, 6), (5, 6), (5, 7), (5, 7), (6, 7), (6, 7)]
11882 | [(0, 1), (0, 1), (0, 2), (0, 3), (0, 4), (1, 2), (1, 4), (1, 4), (2, 3), (2, 4), (2, 5), (3, 4), (3, 6), (3, 7), (5, 6), (5, 6), (5, 7), (5, 7), (6, 7), (6, 7)]
11883 | [(0, 1), (0, 1), (0, 2), (0, 3), (0, 4), (1, 2), (1, 4), (1, 4), (2, 3), (2, 4), (2, 4), (3, 5), (3, 6), (3, 7), (5, 6), (5, 6), (5, 7), (5, 7), (6, 7), (6, 7)]
11892 | [(0, 1), (0, 1), (0, 2), (0, 3), (0, 4), (1, 2), (1, 4), (1, 4), (2, 3), (2, 3), (2, 7), (3, 4), (3, 6), (4, 5), (5, 6), (5, 6), (5, 7), (5, 7), (6, 7), (6, 7)]
11893 | [(0, 1), (0, 1), (0, 2), (0, 3), (0, 4), (1, 2), (1, 4), (1, 4), (2, 3), (2, 3), (2, 7), (3, 4), (3, 5), (4, 6), (5, 6), (5, 6), (5, 7), (5, 7), (6, 7), (6, 7)]
11901 | [(0, 1), (0, 1), (0, 2), (0, 3), (0, 4), (1, 2), (1, 4), (1, 4), (2, 3), (2, 3), (2, 6), (3, 4), (3, 7), (4, 5), (5, 6), (5, 6), (5, 7), (5, 7), (6, 7), (6, 7)]
11902 | [(0, 1), (0, 1), (0, 2), (0, 3), (0, 4), (1, 2), (1, 4), (1, 4), (2, 3), (2, 3), (2, 6), (3, 4), (3, 5), (4, 7), (5, 6), (5, 6), (5, 7), (5, 7), (6, 7), (6, 7)]
11910 | [(0, 1), (0, 1), (0, 2), (0, 3), (0, 4), (1, 2), (1, 4), (1, 4), (2, 3), (2, 3), (2, 5), (3, 4), (3, 7), (4, 6), (5, 6), (5, 6), (5, 7), (5, 7), (6, 7), (6, 7)]
11911 | [(0, 1), (0, 1), (0, 2), (0, 3), (0, 4), (1, 2), (1, 4), (1, 4), (2, 3), (2, 3), (2, 5), (3, 4), (3, 6), (4, 7), (5, 6), (5, 6), (5, 7), (5, 7), (6, 7), (6, 7)]
11912 | [(0, 1), (0, 1), (0, 2), (0, 3), (0, 4), (1, 2), (1, 4), (1, 4), (2, 3), (2, 3), (2, 4), (3, 6), (3, 7), (4, 5), (5, 6), (5, 6), (5, 7), (5, 7), (6, 7), (6, 7)]
11913 | [(0, 1), (0, 1), (0, 2), (0, 3), (0, 4), (1, 2), (1, 4), (1, 4), (2, 3), (2, 3), (2, 4), (3, 5), (3, 7), (4, 6), (5, 6), (5, 6), (5, 7), (5, 7), (6, 7), (6, 7)]
11914 | [(0, 1), (0, 1), (0, 2), (0, 3), (0, 4), (1, 2), (1, 4), (1, 4), (2, 3), (2, 3), (2, 4), (3, 5), (3, 6), (4, 7), (5, 6), (5, 6), (5, 7), (5, 7), (6, 7), (6, 7)]
11915 | [(0, 1), (0, 1), (0, 2), (0, 3), (0, 4), (1, 2), (1, 3), (1, 7), (2, 6), (2, 7), (2, 7), (3, 5), (3, 7), (3, 7), (4, 5), (4, 5), (4, 6), (4, 6), (5, 6), (5, 6)]
11948 | [(0, 1), (0, 1), (0, 2), (0, 3), (0, 4), (1, 2), (1, 3), (1, 7), (2, 5), (2, 7), (2, 7), (3, 6), (3, 7), (3, 7), (4, 5), (4, 5), (4, 6), (4, 6), (5, 6), (5, 6)]
12172 | [(0, 1), (0, 1), (0, 2), (0, 3), (0, 4), (1, 2), (1, 3), (1, 7), (2, 4), (2, 4), (2, 6), (3, 4), (3, 4), (3, 5), (5, 6), (5, 6), (5, 7), (5, 7), (6, 7), (6, 7)]
12190 | [(0, 1), (0, 1), (0, 2), (0, 3), (0, 4), (1, 2), (1, 3), (1, 7), (2, 4), (2, 4), (2, 5), (3, 4), (3, 4), (3, 6), (5, 6), (5, 6), (5, 7), (5, 7), (6, 7), (6, 7)]
12191 | [(0, 1), (0, 1), (0, 2), (0, 3), (0, 4), (1, 2), (1, 3), (1, 7), (2, 3), (2, 7), (2, 7), (3, 6), (3, 7), (4, 5), (4, 5), (4, 6), (4, 6), (5, 6), (5, 6), (5, 7)]
12193 | [(0, 1), (0, 1), (0, 2), (0, 3), (0, 4), (1, 2), (1, 3), (1, 7), (2, 3), (2, 7), (2, 7), (3, 5), (3, 7), (4, 5), (4, 5), (4, 6), (4, 6), (5, 6), (5, 6), (6, 7)]
12201 | [(0, 1), (0, 1), (0, 2), (0, 3), (0, 4), (1, 2), (1, 3), (1, 7), (2, 3), (2, 6), (2, 7), (3, 7), (3, 7), (4, 5), (4, 5), (4, 6), (4, 6), (5, 6), (5, 6), (5, 7)]
12229 | [(0, 1), (0, 1), (0, 2), (0, 3), (0, 4), (1, 2), (1, 3), (1, 7), (2, 3), (2, 5), (2, 7), (3, 7), (3, 7), (4, 5), (4, 5), (4, 6), (4, 6), (5, 6), (5, 6), (6, 7)]
12304 | [(0, 1), (0, 1), (0, 2), (0, 3), (0, 4), (1, 2), (1, 3), (1, 7), (2, 3), (2, 4), (2, 6), (3, 4), (3, 4), (4, 5), (5, 6), (5, 6), (5, 7), (5, 7), (6, 7), (6, 7)]
12322 | [(0, 1), (0, 1), (0, 2), (0, 3), (0, 4), (1, 2), (1, 3), (1, 7), (2, 3), (2, 4), (2, 5), (3, 4), (3, 4), (4, 6), (5, 6), (5, 6), (5, 7), (5, 7), (6, 7), (6, 7)]
12331 | [(0, 1), (0, 1), (0, 2), (0, 3), (0, 4), (1, 2), (1, 3), (1, 7), (2, 3), (2, 4), (2, 4), (3, 4), (3, 6), (4, 5), (5, 6), (5, 6), (5, 7), (5, 7), (6, 7), (6, 7)]
12332 | [(0, 1), (0, 1), (0, 2), (0, 3), (0, 4), (1, 2), (1, 3), (1, 7), (2, 3), (2, 4), (2, 4), (3, 4), (3, 5), (4, 6), (5, 6), (5, 6), (5, 7), (5, 7), (6, 7), (6, 7)]
12333 | [(0, 1), (0, 1), (0, 2), (0, 3), (0, 4), (1, 2), (1, 3), (1, 7), (2, 3), (2, 3), (2, 7), (3, 7), (4, 5), (4, 5), (4, 6), (4, 6), (5, 6), (5, 6), (5, 7), (6, 7)]
12364 | [(0, 1), (0, 1), (0, 2), (0, 3), (0, 4), (1, 2), (1, 3), (1, 7), (2, 3), (2, 3), (2, 4), (3, 4), (4, 5), (4, 6), (5, 6), (5, 6), (5, 7), (5, 7), (6, 7), (6, 7)]
12531 | [(0, 1), (0, 1), (0, 2), (0, 3), (0, 4), (1, 2), (1, 3), (1, 6), (2, 4), (2, 4), (2, 7), (3, 4), (3, 4), (3, 5), (5, 6), (5, 6), (5, 7), (5, 7), (6, 7), (6, 7)]
12550 | [(0, 1), (0, 1), (0, 2), (0, 3), (0, 4), (1, 2), (1, 3), (1, 6), (2, 4), (2, 4), (2, 5), (3, 4), (3, 4), (3, 7), (5, 6), (5, 6), (5, 7), (5, 7), (6, 7), (6, 7)]
12551 | [(0, 1), (0, 1), (0, 2), (0, 3), (0, 4), (1, 2), (1, 3), (1, 6), (2, 3), (2, 7), (2, 7), (3, 7), (3, 7), (4, 5), (4, 5), (4, 6), (4, 6), (5, 6), (5, 6), (5, 7)]
12623 | [(0, 1), (0, 1), (0, 2), (0, 3), (0, 4), (1, 2), (1, 3), (1, 6), (2, 3), (2, 4), (2, 7), (3, 4), (3, 4), (4, 5), (5, 6), (5, 6), (5, 7), (5, 7), (6, 7), (6, 7)]
12642 | [(0, 1), (0, 1), (0, 2), (0, 3), (0, 4), (1, 2), (1, 3), (1, 6), (2, 3), (2, 4), (2, 5), (3, 4), (3, 4), (4, 7), (5, 6), (5, 6), (5, 7), (5, 7), (6, 7), (6, 7)]
12650 | [(0, 1), (0, 1), (0, 2), (0, 3), (0, 4), (1, 2), (1, 3), (1, 6), (2, 3), (2, 4), (2, 4), (3, 4), (3, 7), (4, 5), (5, 6), (5, 6), (5, 7), (5, 7), (6, 7), (6, 7)]
12651 | [(0, 1), (0, 1), (0, 2), (0, 3), (0, 4), (1, 2), (1, 3), (1, 6), (2, 3), (2, 4), (2, 4), (3, 4), (3, 5), (4, 7), (5, 6), (5, 6), (5, 7), (5, 7), (6, 7), (6, 7)]
12674 | [(0, 1), (0, 1), (0, 2), (0, 3), (0, 4), (1, 2), (1, 3), (1, 6), (2, 3), (2, 3), (2, 4), (3, 4), (4, 5), (4, 7), (5, 6), (5, 6), (5, 7), (5, 7), (6, 7), (6, 7)]
12841 | [(0, 1), (0, 1), (0, 2), (0, 3), (0, 4), (1, 2), (1, 3), (1, 5), (2, 4), (2, 4), (2, 7), (3, 4), (3, 4), (3, 6), (5, 6), (5, 6), (5, 7), (5, 7), (6, 7), (6, 7)]
12853 | [(0, 1), (0, 1), (0, 2), (0, 3), (0, 4), (1, 2), (1, 3), (1, 5), (2, 4), (2, 4), (2, 6), (3, 4), (3, 4), (3, 7), (5, 6), (5, 6), (5, 7), (5, 7), (6, 7), (6, 7)]
12861 | [(0, 1), (0, 1), (0, 2), (0, 3), (0, 4), (1, 2), (1, 3), (1, 5), (2, 3), (2, 7), (2, 7), (3, 7), (3, 7), (4, 5), (4, 5), (4, 6), (4, 6), (5, 6), (5, 6), (6, 7)]
12933 | [(0, 1), (0, 1), (0, 2), (0, 3), (0, 4), (1, 2), (1, 3), (1, 5), (2, 3), (2, 4), (2, 7), (3, 4), (3, 4), (4, 6), (5, 6), (5, 6), (5, 7), (5, 7), (6, 7), (6, 7)]
12945 | [(0, 1), (0, 1), (0, 2), (0, 3), (0, 4), (1, 2), (1, 3), (1, 5), (2, 3), (2, 4), (2, 6), (3, 4), (3, 4), (4, 7), (5, 6), (5, 6), (5, 7), (5, 7), (6, 7), (6, 7)]
12960 | [(0, 1), (0, 1), (0, 2), (0, 3), (0, 4), (1, 2), (1, 3), (1, 5), (2, 3), (2, 4), (2, 4), (3, 4), (3, 7), (4, 6), (5, 6), (5, 6), (5, 7), (5, 7), (6, 7), (6, 7)]
12961 | [(0, 1), (0, 1), (0, 2), (0, 3), (0, 4), (1, 2), (1, 3), (1, 5), (2, 3), (2, 4), (2, 4), (3, 4), (3, 6), (4, 7), (5, 6), (5, 6), (5, 7), (5, 7), (6, 7), (6, 7)]
12984 | [(0, 1), (0, 1), (0, 2), (0, 3), (0, 4), (1, 2), (1, 3), (1, 5), (2, 3), (2, 3), (2, 4), (3, 4), (4, 6), (4, 7), (5, 6), (5, 6), (5, 7), (5, 7), (6, 7), (6, 7)]
13133 | [(0, 1), (0, 1), (0, 2), (0, 3), (0, 4), (1, 2), (1, 3), (1, 4), (2, 4), (2, 6), (2, 7), (3, 4), (3, 4), (3, 5), (5, 6), (5, 6), (5, 7), (5, 7), (6, 7), (6, 7)]
13158 | [(0, 1), (0, 1), (0, 2), (0, 3), (0, 4), (1, 2), (1, 3), (1, 4), (2, 4), (2, 5), (2, 7), (3, 4), (3, 4), (3, 6), (5, 6), (5, 6), (5, 7), (5, 7), (6, 7), (6, 7)]
13170 | [(0, 1), (0, 1), (0, 2), (0, 3), (0, 4), (1, 2), (1, 3), (1, 4), (2, 4), (2, 5), (2, 6), (3, 4), (3, 4), (3, 7), (5, 6), (5, 6), (5, 7), (5, 7), (6, 7), (6, 7)]
13184 | [(0, 1), (0, 1), (0, 2), (0, 3), (0, 4), (1, 2), (1, 3), (1, 4), (2, 4), (2, 4), (2, 7), (3, 4), (3, 5), (3, 6), (5, 6), (5, 6), (5, 7), (5, 7), (6, 7), (6, 7)]
13190 | [(0, 1), (0, 1), (0, 2), (0, 3), (0, 4), (1, 2), (1, 3), (1, 4), (2, 4), (2, 4), (2, 6), (3, 4), (3, 5), (3, 7), (5, 6), (5, 6), (5, 7), (5, 7), (6, 7), (6, 7)]
13196 | [(0, 1), (0, 1), (0, 2), (0, 3), (0, 4), (1, 2), (1, 3), (1, 4), (2, 4), (2, 4), (2, 5), (3, 4), (3, 6), (3, 7), (5, 6), (5, 6), (5, 7), (5, 7), (6, 7), (6, 7)]
13229 | [(0, 1), (0, 1), (0, 2), (0, 3), (0, 4), (1, 2), (1, 3), (1, 4), (2, 3), (2, 6), (2, 7), (3, 4), (3, 4), (4, 5), (5, 6), (5, 6), (5, 7), (5, 7), (6, 7), (6, 7)]
13254 | [(0, 1), (0, 1), (0, 2), (0, 3), (0, 4), (1, 2), (1, 3), (1, 4), (2, 3), (2, 5), (2, 7), (3, 4), (3, 4), (4, 6), (5, 6), (5, 6), (5, 7), (5, 7), (6, 7), (6, 7)]
13266 | [(0, 1), (0, 1), (0, 2), (0, 3), (0, 4), (1, 2), (1, 3), (1, 4), (2, 3), (2, 5), (2, 6), (3, 4), (3, 4), (4, 7), (5, 6), (5, 6), (5, 7), (5, 7), (6, 7), (6, 7)]
13282 | [(0, 1), (0, 1), (0, 2), (0, 3), (0, 4), (1, 2), (1, 3), (1, 4), (2, 3), (2, 4), (2, 7), (3, 4), (3, 6), (4, 5), (5, 6), (5, 6), (5, 7), (5, 7), (6, 7), (6, 7)]
13283 | [(0, 1), (0, 1), (0, 2), (0, 3), (0, 4), (1, 2), (1, 3), (1, 4), (2, 3), (2, 4), (2, 7), (3, 4), (3, 5), (4, 6), (5, 6), (5, 6), (5, 7), (5, 7), (6, 7), (6, 7)]
13291 | [(0, 1), (0, 1), (0, 2), (0, 3), (0, 4), (1, 2), (1, 3), (1, 4), (2, 3), (2, 4), (2, 6), (3, 4), (3, 7), (4, 5), (5, 6), (5, 6), (5, 7), (5, 7), (6, 7), (6, 7)]
13292 | [(0, 1), (0, 1), (0, 2), (0, 3), (0, 4), (1, 2), (1, 3), (1, 4), (2, 3), (2, 4), (2, 6), (3, 4), (3, 5), (4, 7), (5, 6), (5, 6), (5, 7), (5, 7), (6, 7), (6, 7)]
13300 | [(0, 1), (0, 1), (0, 2), (0, 3), (0, 4), (1, 2), (1, 3), (1, 4), (2, 3), (2, 4), (2, 5), (3, 4), (3, 7), (4, 6), (5, 6), (5, 6), (5, 7), (5, 7), (6, 7), (6, 7)]
13301 | [(0, 1), (0, 1), (0, 2), (0, 3), (0, 4), (1, 2), (1, 3), (1, 4), (2, 3), (2, 4), (2, 5), (3, 4), (3, 6), (4, 7), (5, 6), (5, 6), (5, 7), (5, 7), (6, 7), (6, 7)]
13302 | [(0, 1), (0, 1), (0, 2), (0, 3), (0, 4), (1, 2), (1, 3), (1, 4), (2, 3), (2, 4), (2, 4), (3, 6), (3, 7), (4, 5), (5, 6), (5, 6), (5, 7), (5, 7), (6, 7), (6, 7)]
13303 | [(0, 1), (0, 1), (0, 2), (0, 3), (0, 4), (1, 2), (1, 3), (1, 4), (2, 3), (2, 4), (2, 4), (3, 5), (3, 7), (4, 6), (5, 6), (5, 6), (5, 7), (5, 7), (6, 7), (6, 7)]
13304 | [(0, 1), (0, 1), (0, 2), (0, 3), (0, 4), (1, 2), (1, 3), (1, 4), (2, 3), (2, 4), (2, 4), (3, 5), (3, 6), (4, 7), (5, 6), (5, 6), (5, 7), (5, 7), (6, 7), (6, 7)]
13311 | [(0, 1), (0, 1), (0, 2), (0, 3), (0, 4), (1, 2), (1, 3), (1, 4), (2, 3), (2, 3), (2, 7), (3, 4), (4, 5), (4, 6), (5, 6), (5, 6), (5, 7), (5, 7), (6, 7), (6, 7)]
13317 | [(0, 1), (0, 1), (0, 2), (0, 3), (0, 4), (1, 2), (1, 3), (1, 4), (2, 3), (2, 3), (2, 6), (3, 4), (4, 5), (4, 7), (5, 6), (5, 6), (5, 7), (5, 7), (6, 7), (6, 7)]
13323 | [(0, 1), (0, 1), (0, 2), (0, 3), (0, 4), (1, 2), (1, 3), (1, 4), (2, 3), (2, 3), (2, 5), (3, 4), (4, 6), (4, 7), (5, 6), (5, 6), (5, 7), (5, 7), (6, 7), (6, 7)]
13324 | [(0, 1), (0, 1), (0, 2), (0, 3), (0, 4), (1, 2), (1, 3), (1, 4), (2, 3), (2, 3), (2, 4), (3, 7), (4, 5), (4, 6), (5, 6), (5, 6), (5, 7), (5, 7), (6, 7), (6, 7)]
13325 | [(0, 1), (0, 1), (0, 2), (0, 3), (0, 4), (1, 2), (1, 3), (1, 4), (2, 3), (2, 3), (2, 4), (3, 6), (4, 5), (4, 7), (5, 6), (5, 6), (5, 7), (5, 7), (6, 7), (6, 7)]
13326 | [(0, 1), (0, 1), (0, 2), (0, 3), (0, 4), (1, 2), (1, 3), (1, 4), (2, 3), (2, 3), (2, 4), (3, 5), (4, 6), (4, 7), (5, 6), (5, 6), (5, 7), (5, 7), (6, 7), (6, 7)]
13327 | [(0, 1), (0, 1), (0, 2), (0, 3), (0, 4), (1, 2), (1, 3), (1, 3), (2, 6), (2, 7), (2, 7), (3, 7), (3, 7), (4, 5), (4, 5), (4, 6), (4, 6), (5, 6), (5, 6), (5, 7)]
13355 | [(0, 1), (0, 1), (0, 2), (0, 3), (0, 4), (1, 2), (1, 3), (1, 3), (2, 5), (2, 7), (2, 7), (3, 7), (3, 7), (4, 5), (4, 5), (4, 6), (4, 6), (5, 6), (5, 6), (6, 7)]
13440 | [(0, 1), (0, 1), (0, 2), (0, 3), (0, 4), (1, 2), (1, 3), (1, 3), (2, 4), (2, 6), (2, 7), (3, 4), (3, 4), (4, 5), (5, 6), (5, 6), (5, 7), (5, 7), (6, 7), (6, 7)]
13465 | [(0, 1), (0, 1), (0, 2), (0, 3), (0, 4), (1, 2), (1, 3), (1, 3), (2, 4), (2, 5), (2, 7), (3, 4), (3, 4), (4, 6), (5, 6), (5, 6), (5, 7), (5, 7), (6, 7), (6, 7)]
13477 | [(0, 1), (0, 1), (0, 2), (0, 3), (0, 4), (1, 2), (1, 3), (1, 3), (2, 4), (2, 5), (2, 6), (3, 4), (3, 4), (4, 7), (5, 6), (5, 6), (5, 7), (5, 7), (6, 7), (6, 7)]
13493 | [(0, 1), (0, 1), (0, 2), (0, 3), (0, 4), (1, 2), (1, 3), (1, 3), (2, 4), (2, 4), (2, 7), (3, 4), (3, 6), (4, 5), (5, 6), (5, 6), (5, 7), (5, 7), (6, 7), (6, 7)]
13494 | [(0, 1), (0, 1), (0, 2), (0, 3), (0, 4), (1, 2), (1, 3), (1, 3), (2, 4), (2, 4), (2, 7), (3, 4), (3, 5), (4, 6), (5, 6), (5, 6), (5, 7), (5, 7), (6, 7), (6, 7)]
13502 | [(0, 1), (0, 1), (0, 2), (0, 3), (0, 4), (1, 2), (1, 3), (1, 3), (2, 4), (2, 4), (2, 6), (3, 4), (3, 7), (4, 5), (5, 6), (5, 6), (5, 7), (5, 7), (6, 7), (6, 7)]
13503 | [(0, 1), (0, 1), (0, 2), (0, 3), (0, 4), (1, 2), (1, 3), (1, 3), (2, 4), (2, 4), (2, 6), (3, 4), (3, 5), (4, 7), (5, 6), (5, 6), (5, 7), (5, 7), (6, 7), (6, 7)]
13511 | [(0, 1), (0, 1), (0, 2), (0, 3), (0, 4), (1, 2), (1, 3), (1, 3), (2, 4), (2, 4), (2, 5), (3, 4), (3, 7), (4, 6), (5, 6), (5, 6), (5, 7), (5, 7), (6, 7), (6, 7)]
13512 | [(0, 1), (0, 1), (0, 2), (0, 3), (0, 4), (1, 2), (1, 3), (1, 3), (2, 4), (2, 4), (2, 5), (3, 4), (3, 6), (4, 7), (5, 6), (5, 6), (5, 7), (5, 7), (6, 7), (6, 7)]
13513 | [(0, 1), (0, 1), (0, 2), (0, 3), (0, 4), (1, 2), (1, 3), (1, 3), (2, 3), (2, 7), (2, 7), (3, 7), (4, 5), (4, 5), (4, 6), (4, 6), (5, 6), (5, 6), (5, 7), (6, 7)]
13555 | [(0, 1), (0, 1), (0, 2), (0, 3), (0, 4), (1, 2), (1, 3), (1, 3), (2, 3), (2, 4), (2, 7), (3, 4), (4, 5), (4, 6), (5, 6), (5, 6), (5, 7), (5, 7), (6, 7), (6, 7)]
13561 | [(0, 1), (0, 1), (0, 2), (0, 3), (0, 4), (1, 2), (1, 3), (1, 3), (2, 3), (2, 4), (2, 6), (3, 4), (4, 5), (4, 7), (5, 6), (5, 6), (5, 7), (5, 7), (6, 7), (6, 7)]
13567 | [(0, 1), (0, 1), (0, 2), (0, 3), (0, 4), (1, 2), (1, 3), (1, 3), (2, 3), (2, 4), (2, 5), (3, 4), (4, 6), (4, 7), (5, 6), (5, 6), (5, 7), (5, 7), (6, 7), (6, 7)]
13568 | [(0, 1), (0, 1), (0, 2), (0, 3), (0, 4), (1, 2), (1, 3), (1, 3), (2, 3), (2, 4), (2, 4), (3, 7), (4, 5), (4, 6), (5, 6), (5, 6), (5, 7), (5, 7), (6, 7), (6, 7)]
13569 | [(0, 1), (0, 1), (0, 2), (0, 3), (0, 4), (1, 2), (1, 3), (1, 3), (2, 3), (2, 4), (2, 4), (3, 6), (4, 5), (4, 7), (5, 6), (5, 6), (5, 7), (5, 7), (6, 7), (6, 7)]
13570 | [(0, 1), (0, 1), (0, 2), (0, 3), (0, 4), (1, 2), (1, 3), (1, 3), (2, 3), (2, 4), (2, 4), (3, 5), (4, 6), (4, 7), (5, 6), (5, 6), (5, 7), (5, 7), (6, 7), (6, 7)]
13577 | [(0, 1), (0, 1), (0, 2), (0, 3), (0, 4), (1, 2), (1, 3), (1, 3), (2, 3), (2, 3), (2, 4), (4, 5), (4, 6), (4, 7), (5, 6), (5, 6), (5, 7), (5, 7), (6, 7), (6, 7)]
13578 | [(0, 1), (0, 1), (0, 2), (0, 3), (0, 4), (1, 2), (1, 2), (1, 7), (2, 7), (2, 7), (3, 5), (3, 6), (3, 7), (3, 7), (4, 5), (4, 5), (4, 6), (4, 6), (5, 6), (5, 6)]
13581 | [(0, 1), (0, 1), (0, 2), (0, 3), (0, 4), (1, 2), (1, 2), (1, 7), (2, 7), (2, 7), (3, 5), (3, 5), (3, 6), (3, 6), (4, 5), (4, 6), (4, 7), (4, 7), (5, 6), (5, 6)]
13706 | [(0, 1), (0, 1), (0, 2), (0, 3), (0, 4), (1, 2), (1, 2), (1, 7), (2, 4), (2, 7), (3, 5), (3, 5), (3, 6), (3, 6), (4, 6), (4, 7), (4, 7), (5, 6), (5, 6), (5, 7)]
13707 | [(0, 1), (0, 1), (0, 2), (0, 3), (0, 4), (1, 2), (1, 2), (1, 7), (2, 4), (2, 7), (3, 5), (3, 5), (3, 6), (3, 6), (4, 5), (4, 7), (4, 7), (5, 6), (5, 6), (6, 7)]
13784 | [(0, 1), (0, 1), (0, 2), (0, 3), (0, 4), (1, 2), (1, 2), (1, 7), (2, 4), (2, 4), (3, 5), (3, 5), (3, 6), (3, 6), (4, 7), (4, 7), (5, 6), (5, 6), (5, 7), (6, 7)]
13791 | [(0, 1), (0, 1), (0, 2), (0, 3), (0, 4), (1, 2), (1, 2), (1, 7), (2, 4), (2, 4), (3, 4), (3, 4), (3, 5), (3, 6), (5, 6), (5, 6), (5, 7), (5, 7), (6, 7), (6, 7)]
13792 | [(0, 1), (0, 1), (0, 2), (0, 3), (0, 4), (1, 2), (1, 2), (1, 7), (2, 3), (2, 7), (3, 6), (3, 7), (3, 7), (4, 5), (4, 5), (4, 6), (4, 6), (5, 6), (5, 6), (5, 7)]
13794 | [(0, 1), (0, 1), (0, 2), (0, 3), (0, 4), (1, 2), (1, 2), (1, 7), (2, 3), (2, 7), (3, 5), (3, 7), (3, 7), (4, 5), (4, 5), (4, 6), (4, 6), (5, 6), (5, 6), (6, 7)]
13890 | [(0, 1), (0, 1), (0, 2), (0, 3), (0, 4), (1, 2), (1, 2), (1, 7), (2, 3), (2, 4), (3, 4), (3, 4), (3, 6), (4, 5), (5, 6), (5, 6), (5, 7), (5, 7), (6, 7), (6, 7)]
13891 | [(0, 1), (0, 1), (0, 2), (0, 3), (0, 4), (1, 2), (1, 2), (1, 7), (2, 3), (2, 4), (3, 4), (3, 4), (3, 5), (4, 6), (5, 6), (5, 6), (5, 7), (5, 7), (6, 7), (6, 7)]
13892 | [(0, 1), (0, 1), (0, 2), (0, 3), (0, 4), (1, 2), (1, 2), (1, 7), (2, 3), (2, 3), (3, 7), (3, 7), (4, 5), (4, 5), (4, 6), (4, 6), (5, 6), (5, 6), (5, 7), (6, 7)]
13910 | [(0, 1), (0, 1), (0, 2), (0, 3), (0, 4), (1, 2), (1, 2), (1, 7), (2, 3), (2, 3), (3, 4), (3, 4), (4, 5), (4, 6), (5, 6), (5, 6), (5, 7), (5, 7), (6, 7), (6, 7)]
14051 | [(0, 1), (0, 1), (0, 2), (0, 3), (0, 4), (1, 2), (1, 2), (1, 6), (2, 4), (2, 4), (3, 4), (3, 4), (3, 5), (3, 7), (5, 6), (5, 6), (5, 7), (5, 7), (6, 7), (6, 7)]
14119 | [(0, 1), (0, 1), (0, 2), (0, 3), (0, 4), (1, 2), (1, 2), (1, 6), (2, 3), (2, 4), (3, 4), (3, 4), (3, 7), (4, 5), (5, 6), (5, 6), (5, 7), (5, 7), (6, 7), (6, 7)]
14120 | [(0, 1), (0, 1), (0, 2), (0, 3), (0, 4), (1, 2), (1, 2), (1, 6), (2, 3), (2, 4), (3, 4), (3, 4), (3, 5), (4, 7), (5, 6), (5, 6), (5, 7), (5, 7), (6, 7), (6, 7)]
14133 | [(0, 1), (0, 1), (0, 2), (0, 3), (0, 4), (1, 2), (1, 2), (1, 6), (2, 3), (2, 3), (3, 4), (3, 4), (4, 5), (4, 7), (5, 6), (5, 6), (5, 7), (5, 7), (6, 7), (6, 7)]
14274 | [(0, 1), (0, 1), (0, 2), (0, 3), (0, 4), (1, 2), (1, 2), (1, 5), (2, 4), (2, 4), (3, 4), (3, 4), (3, 6), (3, 7), (5, 6), (5, 6), (5, 7), (5, 7), (6, 7), (6, 7)]
14342 | [(0, 1), (0, 1), (0, 2), (0, 3), (0, 4), (1, 2), (1, 2), (1, 5), (2, 3), (2, 4), (3, 4), (3, 4), (3, 7), (4, 6), (5, 6), (5, 6), (5, 7), (5, 7), (6, 7), (6, 7)]
14343 | [(0, 1), (0, 1), (0, 2), (0, 3), (0, 4), (1, 2), (1, 2), (1, 5), (2, 3), (2, 4), (3, 4), (3, 4), (3, 6), (4, 7), (5, 6), (5, 6), (5, 7), (5, 7), (6, 7), (6, 7)]
14356 | [(0, 1), (0, 1), (0, 2), (0, 3), (0, 4), (1, 2), (1, 2), (1, 5), (2, 3), (2, 3), (3, 4), (3, 4), (4, 6), (4, 7), (5, 6), (5, 6), (5, 7), (5, 7), (6, 7), (6, 7)]
14365 | [(0, 1), (0, 1), (0, 2), (0, 3), (0, 4), (1, 2), (1, 2), (1, 4), (2, 7), (2, 7), (3, 5), (3, 5), (3, 6), (3, 6), (4, 6), (4, 7), (4, 7), (5, 6), (5, 6), (5, 7)]
14366 | [(0, 1), (0, 1), (0, 2), (0, 3), (0, 4), (1, 2), (1, 2), (1, 4), (2, 7), (2, 7), (3, 5), (3, 5), (3, 6), (3, 6), (4, 5), (4, 7), (4, 7), (5, 6), (5, 6), (6, 7)]
14478 | [(0, 1), (0, 1), (0, 2), (0, 3), (0, 4), (1, 2), (1, 2), (1, 4), (2, 4), (2, 7), (3, 5), (3, 5), (3, 6), (3, 6), (4, 7), (4, 7), (5, 6), (5, 6), (5, 7), (6, 7)]
14485 | [(0, 1), (0, 1), (0, 2), (0, 3), (0, 4), (1, 2), (1, 2), (1, 4), (2, 4), (2, 7), (3, 4), (3, 4), (3, 5), (3, 6), (5, 6), (5, 6), (5, 7), (5, 7), (6, 7), (6, 7)]
14498 | [(0, 1), (0, 1), (0, 2), (0, 3), (0, 4), (1, 2), (1, 2), (1, 4), (2, 4), (2, 6), (3, 4), (3, 4), (3, 5), (3, 7), (5, 6), (5, 6), (5, 7), (5, 7), (6, 7), (6, 7)]
14511 | [(0, 1), (0, 1), (0, 2), (0, 3), (0, 4), (1, 2), (1, 2), (1, 4), (2, 4), (2, 5), (3, 4), (3, 4), (3, 6), (3, 7), (5, 6), (5, 6), (5, 7), (5, 7), (6, 7), (6, 7)]
14518 | [(0, 1), (0, 1), (0, 2), (0, 3), (0, 4), (1, 2), (1, 2), (1, 4), (2, 4), (2, 4), (3, 4), (3, 5), (3, 6), (3, 7), (5, 6), (5, 6), (5, 7), (5, 7), (6, 7), (6, 7)]
14542 | [(0, 1), (0, 1), (0, 2), (0, 3), (0, 4), (1, 2), (1, 2), (1, 4), (2, 3), (2, 7), (3, 4), (3, 4), (3, 6), (4, 5), (5, 6), (5, 6), (5, 7), (5, 7), (6, 7), (6, 7)]
14543 | [(0, 1), (0, 1), (0, 2), (0, 3), (0, 4), (1, 2), (1, 2), (1, 4), (2, 3), (2, 7), (3, 4), (3, 4), (3, 5), (4, 6), (5, 6), (5, 6), (5, 7), (5, 7), (6, 7), (6, 7)]
14561 | [(0, 1), (0, 1), (0, 2), (0, 3), (0, 4), (1, 2), (1, 2), (1, 4), (2, 3), (2, 6), (3, 4), (3, 4), (3, 7), (4, 5), (5, 6), (5, 6), (5, 7), (5, 7), (6, 7), (6, 7)]
14562 | [(0, 1), (0, 1), (0, 2), (0, 3), (0, 4), (1, 2), (1, 2), (1, 4), (2, 3), (2, 6), (3, 4), (3, 4), (3, 5), (4, 7), (5, 6), (5, 6), (5, 7), (5, 7), (6, 7), (6, 7)]
14580 | [(0, 1), (0, 1), (0, 2), (0, 3), (0, 4), (1, 2), (1, 2), (1, 4), (2, 3), (2, 5), (3, 4), (3, 4), (3, 7), (4, 6), (5, 6), (5, 6), (5, 7), (5, 7), (6, 7), (6, 7)]
14581 | [(0, 1), (0, 1), (0, 2), (0, 3), (0, 4), (1, 2), (1, 2), (1, 4), (2, 3), (2, 5), (3, 4), (3, 4), (3, 6), (4, 7), (5, 6), (5, 6), (5, 7), (5, 7), (6, 7), (6, 7)]
14592 | [(0, 1), (0, 1), (0, 2), (0, 3), (0, 4), (1, 2), (1, 2), (1, 4), (2, 3), (2, 4), (3, 4), (3, 6), (3, 7), (4, 5), (5, 6), (5, 6), (5, 7), (5, 7), (6, 7), (6, 7)]
14593 | [(0, 1), (0, 1), (0, 2), (0, 3), (0, 4), (1, 2), (1, 2), (1, 4), (2, 3), (2, 4), (3, 4), (3, 5), (3, 7), (4, 6), (5, 6), (5, 6), (5, 7), (5, 7), (6, 7), (6, 7)]
14594 | [(0, 1), (0, 1), (0, 2), (0, 3), (0, 4), (1, 2), (1, 2), (1, 4), (2, 3), (2, 4), (3, 4), (3, 5), (3, 6), (4, 7), (5, 6), (5, 6), (5, 7), (5, 7), (6, 7), (6, 7)]
14605 | [(0, 1), (0, 1), (0, 2), (0, 3), (0, 4), (1, 2), (1, 2), (1, 4), (2, 3), (2, 3), (3, 4), (3, 7), (4, 5), (4, 6), (5, 6), (5, 6), (5, 7), (5, 7), (6, 7), (6, 7)]
14606 | [(0, 1), (0, 1), (0, 2), (0, 3), (0, 4), (1, 2), (1, 2), (1, 4), (2, 3), (2, 3), (3, 4), (3, 6), (4, 5), (4, 7), (5, 6), (5, 6), (5, 7), (5, 7), (6, 7), (6, 7)]
14607 | [(0, 1), (0, 1), (0, 2), (0, 3), (0, 4), (1, 2), (1, 2), (1, 4), (2, 3), (2, 3), (3, 4), (3, 5), (4, 6), (4, 7), (5, 6), (5, 6), (5, 7), (5, 7), (6, 7), (6, 7)]
14608 | [(0, 1), (0, 1), (0, 2), (0, 3), (0, 4), (1, 2), (1, 2), (1, 3), (2, 7), (2, 7), (3, 6), (3, 7), (3, 7), (4, 5), (4, 5), (4, 6), (4, 6), (5, 6), (5, 6), (5, 7)]
14610 | [(0, 1), (0, 1), (0, 2), (0, 3), (0, 4), (1, 2), (1, 2), (1, 3), (2, 7), (2, 7), (3, 5), (3, 7), (3, 7), (4, 5), (4, 5), (4, 6), (4, 6), (5, 6), (5, 6), (6, 7)]
14741 | [(0, 1), (0, 1), (0, 2), (0, 3), (0, 4), (1, 2), (1, 2), (1, 3), (2, 4), (2, 7), (3, 4), (3, 4), (3, 6), (4, 5), (5, 6), (5, 6), (5, 7), (5, 7), (6, 7), (6, 7)]
14742 | [(0, 1), (0, 1), (0, 2), (0, 3), (0, 4), (1, 2), (1, 2), (1, 3), (2, 4), (2, 7), (3, 4), (3, 4), (3, 5), (4, 6), (5, 6), (5, 6), (5, 7), (5, 7), (6, 7), (6, 7)]
14760 | [(0, 1), (0, 1), (0, 2), (0, 3), (0, 4), (1, 2), (1, 2), (1, 3), (2, 4), (2, 6), (3, 4), (3, 4), (3, 7), (4, 5), (5, 6), (5, 6), (5, 7), (5, 7), (6, 7), (6, 7)]
14761 | [(0, 1), (0, 1), (0, 2), (0, 3), (0, 4), (1, 2), (1, 2), (1, 3), (2, 4), (2, 6), (3, 4), (3, 4), (3, 5), (4, 7), (5, 6), (5, 6), (5, 7), (5, 7), (6, 7), (6, 7)]
14779 | [(0, 1), (0, 1), (0, 2), (0, 3), (0, 4), (1, 2), (1, 2), (1, 3), (2, 4), (2, 5), (3, 4), (3, 4), (3, 7), (4, 6), (5, 6), (5, 6), (5, 7), (5, 7), (6, 7), (6, 7)]
14780 | [(0, 1), (0, 1), (0, 2), (0, 3), (0, 4), (1, 2), (1, 2), (1, 3), (2, 4), (2, 5), (3, 4), (3, 4), (3, 6), (4, 7), (5, 6), (5, 6), (5, 7), (5, 7), (6, 7), (6, 7)]
14791 | [(0, 1), (0, 1), (0, 2), (0, 3), (0, 4), (1, 2), (1, 2), (1, 3), (2, 4), (2, 4), (3, 4), (3, 6), (3, 7), (4, 5), (5, 6), (5, 6), (5, 7), (5, 7), (6, 7), (6, 7)]
14792 | [(0, 1), (0, 1), (0, 2), (0, 3), (0, 4), (1, 2), (1, 2), (1, 3), (2, 4), (2, 4), (3, 4), (3, 5), (3, 7), (4, 6), (5, 6), (5, 6), (5, 7), (5, 7), (6, 7), (6, 7)]
14793 | [(0, 1), (0, 1), (0, 2), (0, 3), (0, 4), (1, 2), (1, 2), (1, 3), (2, 4), (2, 4), (3, 4), (3, 5), (3, 6), (4, 7), (5, 6), (5, 6), (5, 7), (5, 7), (6, 7), (6, 7)]
14794 | [(0, 1), (0, 1), (0, 2), (0, 3), (0, 4), (1, 2), (1, 2), (1, 3), (2, 3), (2, 7), (3, 7), (3, 7), (4, 5), (4, 5), (4, 6), (4, 6), (5, 6), (5, 6), (5, 7), (6, 7)]
14812 | [(0, 1), (0, 1), (0, 2), (0, 3), (0, 4), (1, 2), (1, 2), (1, 3), (2, 3), (2, 7), (3, 4), (3, 4), (4, 5), (4, 6), (5, 6), (5, 6), (5, 7), (5, 7), (6, 7), (6, 7)]
14825 | [(0, 1), (0, 1), (0, 2), (0, 3), (0, 4), (1, 2), (1, 2), (1, 3), (2, 3), (2, 6), (3, 4), (3, 4), (4, 5), (4, 7), (5, 6), (5, 6), (5, 7), (5, 7), (6, 7), (6, 7)]
14838 | [(0, 1), (0, 1), (0, 2), (0, 3), (0, 4), (1, 2), (1, 2), (1, 3), (2, 3), (2, 5), (3, 4), (3, 4), (4, 6), (4, 7), (5, 6), (5, 6), (5, 7), (5, 7), (6, 7), (6, 7)]
14849 | [(0, 1), (0, 1), (0, 2), (0, 3), (0, 4), (1, 2), (1, 2), (1, 3), (2, 3), (2, 4), (3, 4), (3, 7), (4, 5), (4, 6), (5, 6), (5, 6), (5, 7), (5, 7), (6, 7), (6, 7)]
14850 | [(0, 1), (0, 1), (0, 2), (0, 3), (0, 4), (1, 2), (1, 2), (1, 3), (2, 3), (2, 4), (3, 4), (3, 6), (4, 5), (4, 7), (5, 6), (5, 6), (5, 7), (5, 7), (6, 7), (6, 7)]
14851 | [(0, 1), (0, 1), (0, 2), (0, 3), (0, 4), (1, 2), (1, 2), (1, 3), (2, 3), (2, 4), (3, 4), (3, 5), (4, 6), (4, 7), (5, 6), (5, 6), (5, 7), (5, 7), (6, 7), (6, 7)]
14858 | [(0, 1), (0, 1), (0, 2), (0, 3), (0, 4), (1, 2), (1, 2), (1, 3), (2, 3), (2, 3), (3, 4), (4, 5), (4, 6), (4, 7), (5, 6), (5, 6), (5, 7), (5, 7), (6, 7), (6, 7)]
